1.0	168.0	20.0	15.0
0	170	15	12
0	170	17	13
0	170	16	13
0	170	17	13
0	170	17	14
0	170	18	14
0	169	19	15
0	169	18	15
0	169	19	15
0	169	20	15
0	169	20	15
2	169	19	14
1	169	20	15
2	169	20	15
2	169	21	15
3	169	20	15
3	169	21	16
4	170	21	15
5	170	21	15
5	169	22	16
6	170	21	15
6	169	23	16
7	169	22	17
8	169	22	17
9	169	22	17
10	169	23	18
10	169	25	18
11	169	25	19
11	169	26	20
11	169	28	20
12	169	27	20
13	169	28	20
15	170	28	20
17	169	27	20
18	169	28	21
19	169	29	21
1	169	20	11
22	169	29	22
22	169	31	22
24	169	31	21
11	169	23	12
27	168	32	24
29	168	33	24
30	168	34	25
32	169	35	24
34	168	35	25
35	168	37	25
37	168	36	25
40	168	37	26
42	168	38	26
43	168	39	27
46	168	40	27
49	168	40	27
51	167	41	29
54	167	42	30
56	168	44	29
60	168	44	29
63	168	45	30
66	168	46	30
69	167	48	32
71	167	49	32
74	167	51	33
78	167	52	33
82	167	53	34
86	167	55	35
90	166	57	36
95	167	59	36
100	167	60	37
104	167	63	38
110	167	64	39
116	167	66	40
121	166	70	42
126	165	73	45
133	165	76	45
139	166	79	46
147	165	81	48
154	166	86	48
162	166	88	50
170	167	93	51
179	166	97	54
190	166	102	56
199	166	110	59
210	167	115	60
221	166	121	63
235	166	128	67
247	166	137	69
262	167	146	73
279	166	156	78
293	167	168	82
311	166	176	89
334	165	158	90
-0.81996155	170.32341	24.8284	12.249289
