34.0	167.0	23.0	15.0
33	167	23	16
32	167	23	15
31	167	23	15
31	167	23	15
30	167	23	16
29	167	23	15
29	167	23	15
29	167	23	16
29	166	23	16
28	167	22	15
28	166	22	16
27	167	21	16
27	167	21	15
27	167	21	15
27	167	21	15
26	167	21	16
26	167	21	15
26	167	20	15
26	167	20	16
24	168	22	16
26	168	20	15
26	168	19	15
26	168	19	15
27	169	18	15
26	168	19	15
26	168	18	14
26	168	18	16
27	168	18	15
25	168	20	17
25	168	20	17
25	168	20	17
27	168	18	16
25	168	21	17
27	168	18	16
25	168	21	17
25	168	21	17
27	168	18	16
26	168	21	17
27	168	18	16
26	168	21	17
27	168	21	17
26	168	22	17
27	168	21	17
27	168	22	17
27	168	22	17
27	168	22	17
28	168	22	17
28	168	22	18
28	168	22	18
29	168	21	17
29	168	21	17
29	168	22	17
30	168	21	17
29	168	22	18
30	168	21	17
30	168	22	18
30	168	22	17
30	168	23	18
30	168	23	18
30	168	23	18
30	167	24	19
31	168	23	18
32	168	23	18
32	168	23	18
32	167	24	17
33	167	24	17
33	167	24	17
33	167	24	17
34	167	24	17
35	167	23	17
35	167	23	18
35	167	23	18
36	167	24	18
36	167	24	18
37	167	24	17
37	167	26	20
37	167	25	18
38	167	25	17
39	167	26	20
39	167	26	20
40	167	25	20
40	167	26	21
40	167	26	19
41	167	27	20
42	167	27	21
43	167	26	21
43	167	27	21
43	167	28	21
43	167	29	21
44	167	28	21
45	167	28	21
46	167	28	21
47	167	27	22
47	167	28	22
48	167	29	21
49	166	28	23
50	166	29	23
50	166	30	23
50	166	30	23
51	166	30	23
52	166	30	23
53	166	30	23
53	166	31	24
54	166	31	24
54	166	33	24
55	166	33	24
56	166	33	24
57	166	33	24
59	166	32	24
60	166	32	25
60	166	34	25
61	166	34	25
62	166	34	25
65	167	33	24
64	166	34	25
65	166	35	25
66	166	35	25
68	167	35	24
68	167	36	25
70	167	35	25
71	168	36	24
72	166	37	26
73	165	38	27
75	167	37	25
75	166	38	27
77	167	37	26
78	167	38	26
79	166	39	27
80	167	39	27
82	167	39	26
83	167	40	27
84	166	42	28
85	166	42	29
86	166	43	29
88	166	43	28
89	165	43	30
91	166	43	29
92	166	44	29
94	166	44	30
95	166	46	30
97	167	44	28
98	167	45	29
100	167	45	29
101	166	47	30
103	166	47	31
103	166	50	31
106	166	49	31
108	166	49	32
109	165	50	33
111	167	49	30
114	167	49	31
115	165	52	33
117	165	52	34
119	165	53	34
121	165	54	34
123	165	54	35
125	165	55	35
127	165	55	35
129	167	55	34
131	165	57	36
133	165	58	36
136	165	58	37
137	165	60	37
140	165	60	37
142	165	60	37
145	165	61	38
147	165	63	38
149	165	64	39
152	165	64	39
154	165	65	39
157	165	67	40
159	164	69	41
162	165	69	41
165	165	69	41
168	165	72	41
171	165	72	42
175	165	72	43
178	165	74	43
181	165	75	44
184	165	77	44
187	165	78	45
190	165	80	45
194	165	80	46
197	166	82	44
201	165	84	47
205	164	86	49
208	165	86	46
212	165	88	47
216	165	90	47
221	165	91	48
223	165	92	49
227	165	99	52
233	164	97	50
237	165	99	51
242	164	102	51
246	165	105	52
251	164	106	54
257	164	110	58
261	164	113	55
267	164	116	57
273	165	118	57
279	164	120	57
285	164	123	58
291	164	127	59
298	164	130	60
305	164	130	61
311	164	138	63
319	164	142	65
327	165	143	70
335	164	151	72
342	164	150	74
351	164	141	74
360	165	133	78
