1.0	172.0	18.0	11.0
0	171	18	12
0	172	16	11
0	171	15	12
0	171	15	12
0	171	15	12
0	171	14	12
0	172	15	12
0	171	15	13
0	171	15	12
0	171	16	12
0	171	16	12
0	171	17	13
1	171	17	12
1	171	17	13
1	171	17	13
1	171	17	13
1	171	17	13
1	171	18	13
1	171	18	13
1	171	18	14
3	171	17	13
3	171	18	13
5	171	18	13
5	171	18	13
4	171	19	13
6	171	17	13
5	171	18	13
7	171	17	13
7	171	18	14
8	171	17	14
8	171	18	14
9	171	17	13
9	171	17	14
9	171	18	14
9	171	19	15
9	171	20	15
10	170	19	16
11	170	19	16
11	170	19	16
11	170	20	16
11	170	21	16
11	170	22	17
11	170	23	17
12	170	23	17
11	170	24	18
14	169	22	18
14	169	23	18
15	169	23	18
15	169	24	19
16	170	24	18
17	170	23	17
17	169	25	19
18	170	25	18
19	170	25	17
19	170	26	18
20	170	26	18
21	170	26	18
22	170	26	18
23	170	27	18
24	170	26	18
25	170	26	19
25	170	27	19
26	170	28	19
27	170	28	19
30	170	27	19
31	170	28	19
32	169	28	20
33	170	28	20
34	169	29	21
35	170	29	20
36	169	30	21
37	170	30	20
38	169	31	21
39	169	31	22
41	169	31	22
42	169	32	22
43	169	34	23
44	169	35	23
46	169	34	23
48	169	35	23
50	169	35	24
51	169	36	24
53	169	36	24
54	169	38	25
57	169	37	25
58	169	38	25
62	169	37	25
63	169	39	26
65	168	40	27
67	169	41	26
70	169	41	27
72	169	42	27
74	169	44	27
77	169	43	28
79	168	45	29
82	169	45	28
84	168	47	30
87	169	47	29
90	168	48	31
93	169	49	30
95	168	51	32
98	168	52	32
102	168	53	33
105	168	54	33
109	168	54	34
113	168	55	34
117	168	57	35
120	168	59	35
124	168	61	36
128	168	63	37
132	168	65	37
137	168	65	38
143	167	66	39
147	168	69	40
151	168	72	41
157	167	74	42
163	168	76	42
169	168	79	43
175	168	81	45
182	168	83	45
188	168	86	47
195	168	89	48
202	168	94	50
209	168	98	51
218	168	102	53
226	168	107	55
236	168	109	56
246	168	114	58
256	169	121	58
267	169	126	60
278	170	133	62
289	170	140	65
304	170	144	68
317	170	153	72
331	170	160	74
346	170	146	79
