368.0	175.0	7.0	14.0
366	174	9	16
366	176	8	11
366	175	8	15
365	176	9	10
365	174	8	16
365	176	9	11
364	176	9	14
363	176	9	14
363	176	9	15
362	175	10	16
362	176	9	15
362	176	9	16
361	176	9	15
361	176	9	16
361	175	9	17
361	176	8	15
360	175	8	15
359	175	9	15
359	175	9	16
359	175	8	16
359	175	9	16
358	176	9	16
357	175	9	17
357	175	10	16
356	176	9	11
356	175	9	16
355	177	9	11
356	176	8	15
355	177	8	14
354	177	9	12
354	176	10	15
354	175	9	16
354	176	9	15
352	177	9	12
352	176	9	12
351	176	9	12
351	177	9	12
351	177	9	12
350	176	9	12
350	177	10	12
349	177	9	12
348	177	9	12
348	176	9	12
348	177	9	12
347	177	9	12
348	175	10	17
346	177	9	12
346	177	10	12
345	176	9	13
345	176	9	13
345	176	9	13
344	176	9	13
343	176	10	13
343	176	9	13
346	175	9	16
342	177	9	13
341	177	9	13
342	175	9	17
340	177	10	13
340	177	10	13
340	176	10	13
338	176	10	14
338	175	10	14
337	175	10	14
337	176	10	13
336	176	10	14
336	176	10	14
336	176	10	14
335	176	10	14
334	176	10	14
333	177	11	14
333	177	11	14
333	176	13	16
332	176	11	14
332	176	10	14
331	177	10	15
333	177	11	16
329	177	10	13
329	177	10	13
328	177	10	13
328	177	10	13
328	177	10	14
326	177	11	14
326	177	11	13
325	177	10	14
325	177	10	14
324	176	10	16
326	177	10	17
323	176	11	15
323	176	11	14
322	176	11	14
321	177	11	14
321	177	10	13
321	177	10	14
320	177	10	13
320	177	10	14
320	177	10	13
318	176	12	18
318	176	12	17
316	173	11	18
315	175	11	20
316	176	10	16
314	175	11	14
316	174	14	21
313	176	11	15
315	177	11	17
314	176	12	18
308	176	17	19
308	176	15	19
307	175	18	17
307	175	17	20
310	176	11	19
308	171	15	24
306	176	16	15
305	174	18	17
306	169	15	26
306	176	16	15
307	175	18	13
306	176	15	13
308	175	18	13
303	176	21	13
304	175	20	14
306	177	16	12
307	177	15	11
309	177	13	11
309	178	12	11
308	178	13	11
308	177	14	11
308	177	13	12
304	176	17	12
304	177	16	12
303	175	19	15
306	175	21	18
302	172	19	19
309	175	11	11
317	175	10	10
325	175	10	11
331	175	9	11
337	175	9	10
344	175	8	9
349	176	8	8
355	176	7	8
360	176	7	7
364	176	7	7
368	176	7	7
372	175	7	9
376	176	6	7
379	176	7	8
383	175	8	9
380.70923	172.82013	15.28794	16.997276
361.4558	169.63205	32.041878	27.979605
363.75037	166.33919	34.04787	30.86226
368.3952	167.23709	28.767153	31.029644
370.96808	162.34319	30.452827	36.390568
373.3819	160.97295	32.25571	38.157433
376.79712	162.09843	31.543385	38.38767
379.33847	162.88544	32.9656	40.089584
382.15137	162.61963	31.74278	37.966347
385.81216	162.1607	30.577206	39.380028
388.87018	163.26411	29.210955	37.680996
390.72873	163.75128	30.84694	37.46362
393.07803	164.28337	28.65867	34.51047
394.2904	164.27945	28.821062	34.71013
396.18958	164.84576	28.995352	33.961002
398.23013	165.4319	29.049109	33.984077
401.60605	165.2071	26.506647	32.429646
404.28134	165.04625	27.062582	31.795498
406.6049	165.72488	23.97698	32.663124
406.76102	166.17328	23.378773	30.079453
409.55902	166.0907	23.566572	29.72212
411.93088	167.07788	22.770842	30.228258
413.5194	166.87613	23.031261	29.972828
414.66812	166.513	22.300852	28.761814
416.7495	166.94128	22.055855	28.400776
417.77908	166.87907	21.37081	28.371437
419.94614	166.70088	20.689928	29.278399
421.48016	167.6437	21.631458	28.216684
423.01254	167.3511	20.279915	26.93878
423.68542	168.27264	19.604233	25.67805
425.17795	168.0429	19.244736	25.367962
426.43085	168.77747	19.159033	24.893738
427.68695	168.77676	18.880156	25.565252
428.78552	168.21811	18.684967	25.490551
429.60837	168.54018	18.963665	25.319828
430.43256	168.84665	19.200296	24.700382
430.91556	168.63107	19.82768	25.299038
432.74884	168.86023	19.660757	25.271252
434.13547	169.25264	19.075863	24.194393
435.49725	169.07025	17.589495	23.013779
436.21866	169.03911	17.255396	21.58116
437.92697	169.50275	16.711115	22.064281
441.6406	169.76872	16.820608	21.108772
441.85855	169.5751	16.770967	20.43792
443.18634	170.21593	16.02187	20.894625
444.76376	169.9778	15.882411	20.640223
445.7209	170.64105	15.257488	19.492386
448.65518	171.20972	14.47858	18.152441
448.8834	171.4973	15.627839	18.460794
450.71887	171.29233	15.009919	19.681915
452.179	172.05554	15.391131	16.253431
453.04694	172.19269	13.7904215	18.265152
454.09042	172.4199	13.753247	16.679768
455.6181	171.94643	13.164284	17.317286
456.4095	171.7124	13.322723	18.992199
457.29626	172.3659	13.323522	17.585728
458.05084	171.94481	13.583612	18.793707
457.97333	172.64543	12.093231	16.592876
458.43335	172.78746	12.603229	16.20166
458.57455	172.38298	12.953108	15.949977
