97.0	174.0	21.0	16.0
96	174	22	15
97	174	22	15
97	173	24	17
98	173	23	17
98	173	24	17
98	174	23	15
99	174	23	16
99	173	25	18
100	174	23	16
100	173	26	18
101	174	23	16
101	173	25	18
102	174	24	16
102	174	24	16
103	174	24	17
103	174	24	16
104	174	24	16
105	174	24	16
105	174	24	17
105	174	25	17
106	174	25	17
107	174	25	17
107	174	25	17
108	174	26	17
108	174	26	17
109	173	26	18
110	174	26	18
111	174	26	18
110	172	29	20
111	173	27	18
111	172	30	21
112	171	31	22
113	171	31	22
113	172	31	21
115	172	30	21
116	173	29	19
116	171	31	22
117	172	31	21
118	172	32	22
119	172	31	22
120	172	31	22
120	172	33	22
121	171	33	23
122	172	33	22
123	172	34	22
124	172	33	22
125	172	34	22
126	171	34	24
127	171	34	24
128	171	35	24
130	172	35	23
131	172	35	23
132	172	35	24
133	172	36	24
134	171	37	25
136	173	35	22
137	171	37	25
138	171	38	25
139	171	38	26
141	171	38	26
142	172	39	25
143	172	40	25
145	174	38	24
146	171	40	27
148	171	41	27
149	174	39	25
151	174	40	25
153	174	40	25
154	174	41	25
156	173	42	26
157	173	42	26
160	174	42	26
161	173	43	26
163	173	44	27
164	174	44	27
166	174	44	27
168	173	45	28
169	173	47	28
171	174	48	28
174	174	48	28
176	173	48	29
178	174	48	29
180	173	50	30
182	171	53	33
184	173	51	30
188	173	52	31
189	174	53	31
192	173	54	31
194	173	55	32
197	173	56	32
199	173	56	33
203	173	58	33
204	173	59	34
208	173	60	34
211	172	60	35
213	171	64	38
217	172	63	36
220	172	64	36
224	172	66	37
227	173	67	37
231	173	68	38
234	172	70	38
236	172	73	39
242	172	73	40
245	172	76	40
249	171	79	43
254	172	79	42
258	171	82	43
262	171	84	43
268	172	85	45
272	171	89	45
277	170	93	49
283	171	93	47
287	171	102	51
292	172	99	48
298	171	104	53
300	171	110	50
310	171	113	55
318	172	116	56
324	171	117	53
331	171	125	60
340	172	124	60
344	172	130	59
354	173	131	56
364	173	128	58
370	171	123	70
383	172	109	57
391	172	100	55
