5.0	170.0	18.0	15.0
6	170	18	14
6	170	18	14
6	170	18	14
7	170	18	14
7	170	19	15
8	170	19	15
9	170	18	15
9	170	19	15
10	170	20	15
10	170	20	15
11	169	19	16
11	169	20	17
12	170	21	16
13	170	21	16
13	170	21	16
14	170	21	16
14	170	22	16
15	170	22	16
16	170	21	16
15	170	23	17
16	170	23	17
17	169	24	18
18	169	24	18
19	169	24	18
20	169	24	18
22	170	26	18
22	170	26	18
24	169	25	19
24	169	26	19
25	169	26	19
26	169	27	19
28	169	26	19
29	169	27	19
31	169	27	20
32	169	28	20
33	169	28	20
34	170	29	20
36	170	30	21
37	169	30	21
39	169	29	21
41	169	31	22
42	170	31	22
42	170	33	22
46	169	31	22
46	169	34	23
47	170	36	23
50	170	35	23
51	170	36	24
52	170	37	24
56	169	36	25
58	170	38	25
60	170	37	25
63	170	39	25
65	170	39	26
67	169	40	26
70	169	40	26
73	169	41	27
75	169	43	28
78	170	44	28
82	169	46	29
85	168	45	30
88	168	45	30
91	169	47	30
95	169	48	30
98	169	49	31
102	169	50	32
106	169	52	32
109	168	54	33
114	169	55	33
118	169	57	35
123	169	58	35
128	169	60	36
133	169	62	38
138	168	64	39
143	168	67	40
149	168	68	41
156	168	71	42
162	168	74	43
168	168	77	44
176	168	80	45
184	168	83	46
192	167	89	49
201	167	91	50
209	167	96	53
220	167	101	54
231	167	105	56
241	167	113	58
254	167	120	60
267	167	127	63
280	168	131	63
295	169	141	67
309	167	152	69
329	168	162	78
348	169	141	57
