9.0	173.0	15.0	13.0
8	173	16	13
8	173	16	11
8	173	16	11
9	173	16	13
9	173	16	11
9	173	17	11
9	173	17	11
10	173	18	11
10	173	17	11
11	173	17	11
11	173	17	12
11	173	17	12
11	173	17	12
12	173	17	12
12	173	17	11
13	173	17	11
13	173	17	12
13	173	17	12
13	173	17	12
14	173	17	12
15	173	17	12
15	173	17	13
16	173	17	13
16	172	17	13
17	173	17	13
17	172	17	14
17	173	17	13
18	173	18	14
18	173	18	14
18	173	18	14
19	173	18	14
19	173	19	14
21	173	18	14
21	174	19	14
21	174	19	14
20	172	21	16
22	173	19	14
21	172	20	15
22	172	20	15
24	173	19	15
25	173	19	15
23	172	22	15
24	171	22	16
25	171	23	16
25	171	23	16
25	171	24	17
25	171	24	17
28	173	21	15
28	171	23	16
28	170	24	18
28	171	25	18
29	171	26	18
30	171	25	18
32	171	24	17
31	171	27	18
32	171	26	18
34	171	25	18
34	171	26	19
35	171	26	18
36	171	27	19
37	171	26	19
38	171	26	19
38	170	28	20
39	171	28	19
40	171	28	19
41	171	28	19
42	171	28	19
43	170	28	21
44	170	28	21
46	171	27	20
47	170	28	21
47	170	30	21
48	170	30	22
49	170	31	22
51	170	30	22
51	171	32	21
52	171	31	21
54	171	31	21
55	171	31	22
56	172	32	21
56	171	34	22
58	171	33	23
60	171	32	23
62	171	31	23
61	171	34	23
62	170	35	24
63	170	35	24
65	172	33	23
66	171	34	24
67	171	35	24
68	171	36	25
71	172	35	24
71	171	36	25
72	172	38	24
75	172	38	25
75	172	36	25
76	172	37	25
78	172	38	25
79	172	38	26
81	172	39	26
82	173	39	25
83	172	40	27
85	172	40	27
85	172	42	27
88	172	42	27
90	172	42	28
91	172	43	28
94	172	43	29
94	172	45	29
97	172	45	29
98	171	46	30
104	171	43	30
102	171	48	31
104	171	49	32
106	171	50	32
107	171	52	32
110	171	52	33
112	171	54	33
115	171	55	34
116	171	57	34
118	171	58	34
121	171	59	35
124	170	60	37
127	170	61	37
131	170	64	38
134	170	66	39
137	170	68	40
141	168	70	43
144	168	73	43
148	168	75	44
151	169	76	43
155	167	81	47
160	168	84	47
165	168	85	48
170	168	88	50
175	168	92	51
180	167	94	53
186	168	99	54
192	167	104	56
197	169	105	56
204	169	109	57
211	168	117	61
218	168	124	63
226	168	130	65
233	168	137	68
243	168	142	70
253	169	145	70
263	169	152	73
275	169	159	75
284	167	174	83
298	168	178	84
310	168	183	87
323	167	169	89
343	130	150	124
