320.0	128.0	22.0	19.0
320	129	21	19
320	129	21	19
320	128	21	19
320	129	21	19
320	128	21	19
320	129	21	19
320	128	21	19
320	129	21	19
320	128	22	20
320	129	22	18
320	128	21	20
320	128	21	20
320	128	21	19
320	128	21	20
320	129	21	19
320	128	22	19
320	128	21	20
320	129	21	19
320	128	21	20
320	128	21	19
320	128	21	19
320	128	21	19
320	129	21	18
320	129	21	18
320	128	21	19
320	129	21	19
320	129	21	18
320	129	22	19
320	129	21	19
320	129	21	19
320	128	21	20
320	128	22	20
320	129	21	18
320	129	21	18
320	129	21	18
320	129	21	19
320	128	21	20
320	129	21	18
320	128	22	20
320	129	21	19
320	128	21	20
320	128	22	20
320	128	21	19
320	128	22	19
320	129	21	19
320	128	22	20
320	129	21	19
320	128	22	19
320	129	21	19
320	129	21	19
320	129	21	18
320	129	21	18
320	129	21	18
320	129	21	19
320	128	21	19
320	129	21	19
320	129	21	18
320	128	21	19
320	128	22	20
320	129	21	19
320	129	21	18
320	129	21	19
320	129	21	18
320	129	22	19
320	128	21	19
320	129	21	19
320	129	21	18
320	129	21	19
320	129	21	19
320	129	21	18
320	128	21	19
320	129	22	19
320	129	22	19
320	128	21	19
320	128	21	19
320	128	21	20
320	128	21	19
320	128	21	19
320	129	21	19
320	128	21	20
320	128	22	20
320	128	21	19
320	129	21	19
320	128	21	19
320	129	22	19
320	129	21	19
320	128	21	19
320	128	21	20
320	128	21	19
320	128	21	20
320	128	22	20
320	129	20	18
319	129	18	18
320	135	19	12
320	135	18	13
317	136	14	11
317	136	14	11
318	137	14	11
320	136	14	12
321	135	12	12
321	134	11	12
321	135	12	13
319	133	12	14
317	131	14	15
316	129	17	17
313	127	23	19
312	124	32	23
310	121	39	24
308	117	45	26
292.43048	161.83496	30.094564	23.03572
295.4897	163.81042	26.758558	21.525108
294.63196	163.15959	27.047098	20.948263
295.36426	162.8075	27.113077	21.332348
294.82578	161.35126	27.9933	24.218195
336	167	23	18
336	169	20	18
336	172	23	14
336	169	25	17
336	167	25	19
337	171	23	15
336	169	23	17
336	169	25	16
335	166	25	19
336	164	24	21
336	164	23	22
293.24838	159.39424	32.77749	27.649973
292.32727	158.09256	38.54758	30.777575
315	159	15	19
336	165	22	20
302.3492	126.759544	16.465788	17.291672
294	163	24	22
295	163	23	21
294	164	24	20
294	163	24	21
294	163	24	21
294	163	24	21
295	163	23	21
277	143	17	23
294	163	24	22
294	163	24	22
277	142	17	24
277	142	17	24
277	143	17	23
277	142	17	24
277	143	17	23
269	126	12	16
277	117	17	17
290	113	20	20
278	116	19	17
279	117	17	17
277	114	19	20
278	116	20	18
277	116	21	18
278	116	20	17
291	115	17	17
278	116	19	18
278	118	18	16
278	117	18	17
278	116	18	18
279	117	18	17
277	143	18	23
277	143	18	23
276	143	18	23
294	163	24	21
294	163	24	22
277	143	17	23
277	142	17	24
277	142	17	24
277	143	17	23
294	164	25	21
277	142	17	24
277	142	17	24
277	143	17	23
276	143	19	24
277	143	17	23
277	143	17	23
277	143	17	23
277	143	17	23
277	143	17	23
276	142	18	24
276	143	20	24
277	142	17	25
276	142	19	25
277	143	17	23
277	143	16	23
277	143	17	23
277	143	17	23
277	143	17	23
277	143	17	23
277	143	17	23
277	143	17	23
277	143	17	23
277	143	17	23
277	143	17	23
277	143	17	23
277	143	17	23
277	143	17	23
277	143	17	23
277	143	17	23
278	143	17	23
278	142	17	24
278	143	17	23
277	144	17	22
278	143	17	23
277	143	17	23
277	143	17	23
277	143	17	23
277	143	17	23
277	144	18	22
278	143	17	22
278	142	17	24
277	143	18	23
277	143	17	23
294	163	24	20
278	142	17	24
277	143	17	23
278	143	17	23
277	143	17	23
277	143	17	23
277	143	17	23
294	163	25	20
278	143	16	23
277	143	17	23
276	143	17	23
277	143	17	23
294	163	25	21
276	143	17	23
276	143	17	23
277	143	17	23
278	143	17	23
277	143	17	23
277	143	17	23
277	143	17	23
277	143	17	23
277	143	17	23
277	143	17	23
278	143	17	23
276	143	18	23
276	143	18	23
276	144	17	22
276	144	17	23
257	128	17	18
257	129	17	19
258	127	17	21
257	127	17	21
257	127	18	22
258	127	17	21
257	127	16	21
258	127	17	22
257	127	16	21
257	127	16	21
257	126	17	21
257	126	17	22
257	126	17	22
257	126	17	22
258	126	17	22
257	126	16	21
257	127	17	22
257	126	17	22
257	127	18	22
257	127	16	21
257	127	18	22
257	126	18	23
257	126	17	21
258	126	16	22
257	126	17	22
258	126	16	22
258	125	16	23
258	125	16	23
258	126	15	22
258	125	15	22
257	126	16	23
258	125	15	22
258	125	17	23
258	125	15	22
258	126	15	22
259	125	16	24
259	126	15	22
258	126	14	22
258	126	15	22
258	126	14	22
258	126	15	22
258	126	15	22
258	126	15	22
260	130	14	22
264	135	13	23
268	139	13	23
270	141	16	22
273	145	20	19
275	151	26	15
279	152	26	19
281	151	26	17
280	151	26	17
280	152	26	16
280	152	26	16
280	152	26	17
281	151	27	19
281	152	26	17
280	152	26	16
280	152	25	16
282	153	24	17
280	152	26	19
280	152	26	16
280	152	26	17
280	152	25	16
281	152	25	20
285	154	25	18
289	155	25	20
298	155	21	19
305	155	20	21
309	155	20	23
313	156	18	23
313	157	18	23
314	155	18	24
314	156	18	24
314	156	18	23
315	156	17	23
314	156	18	24
314	156	18	23
314	156	19	23
314	155	17	24
315	155	17	24
315	156	17	23
315	156	17	23
315	156	17	23
315	156	18	23
315	156	17	23
315	156	17	23
315	156	17	23
315	156	17	24
313	156	19	23
314	156	17	23
312	158	19	22
309	157	20	22
309	157	21	22
310	158	19	21
308	157	21	22
308	157	20	22
308	157	21	23
308	157	20	23
308	157	20	22
308	157	20	22
308	157	20	22
309	157	20	22
309	157	20	22
309	157	20	22
309	157	20	22
308	157	20	22
308	157	20	22
308	157	20	22
308	157	20	22
309	158	19	22
309	157	20	22
309	157	20	22
308	158	20	22
309	157	20	22
308	157	20	22
308	157	20	23
308	157	20	22
307	160	21	21
304	162	22	20
303	163	22	19
304	162	23	19
303	163	22	19
303	162	22	19
303	163	22	19
303	162	22	19
304	162	22	19
303	162	22	19
303	163	23	19
303	162	23	19
303	162	22	19
303	162	22	19
304	162	22	19
303	162	22	19
304	162	22	19
303	162	22	19
304	163	22	19
304	162	22	19
304	162	22	19
304	163	22	19
304	162	22	19
304	163	22	19
304	162	22	19
304	163	22	19
303	162	22	19
304	163	22	19
304	163	22	19
303	162	22	19
304	162	22	19
303	163	23	19
304	163	22	19
304	163	22	19
304	163	21	19
304	163	22	19
304	163	22	19
304	163	22	19
304	163	22	19
304	163	22	19
304	163	22	19
304	163	22	19
305	162	21	18
309	159	24	16
312	159	25	12
315	156	26	20
318	150	30	19
324	138	24	20
327	128	31	24
328	119	23	16
328	115	25	14
330	108	23	16
331	108	24	15
329	109	22	13
329	108	22	14
330	109	23	12
329	109	25	12
331	108	23	13
331	108	22	13
331	109	23	12
330	108	24	13
330	108	24	13
331	108	22	14
331	108	23	13
330	108	24	13
331	108	23	13
331	109	20	13
329	108	21	14
329	109	21	13
329	108	20	14
329	109	20	13
329	108	19	14
328	108	20	14
327	109	27	13
327	109	26	13
328	121	15	13
329	121	14	13
329	108	20	14
328	108	20	14
328	110	26	12
328	120	14	14
300	127	20	13
328	105	22	17
328	108	20	14
329	107	21	15
328	109	19	13
327	110	26	12
328	109	19	13
327	109	26	12
328	108	19	14
326	110	26	12
328	108	19	14
327	109	26	13
327	109	26	12
327	110	26	12
327	109	26	12
327	110	26	12
327	110	27	13
327	112	28	16
330	115	22	14
328	117	26	12
329	117	28	15
330	119	24	17
329	118	23	19
329	118	24	20
329	118	25	17
329	118	26	17
330	118	25	18
330	118	25	18
330	118	25	18
329	118	24	17
330	118	24	17
329	117	25	17
330	118	24	17
330	118	24	17
330	118	24	17
330	118	24	17
329	118	24	17
330	118	24	17
329	118	25	16
330	117	25	16
329	117	26	15
330	117	26	15
333	115	25	15
334	111	25	18
335	110	24	18
335	110	24	17
334	110	24	18
335	110	24	18
335	111	24	18
335	110	24	18
335	110	24	18
334	110	24	18
335	110	24	18
335	110	24	18
335	111	24	18
334	110	24	18
335	110	24	18
335	110	24	18
334	110	24	18
