318.0	145.0	21.0	23.0
318	145	22	21
319	145	21	21
319	145	21	21
319	145	21	20
318	145	22	21
319	145	21	20
319	145	21	20
319	145	21	20
319	145	21	20
318	145	22	21
319	145	21	20
319	146	20	18
324	153	27	24
316	145	22	19
317	145	22	21
319	145	21	21
319	145	21	20
319	145	21	20
318	145	22	21
318	145	22	21
319	145	21	20
319	145	21	20
318	145	22	20
319	145	21	20
319	145	21	20
319	145	21	21
319	145	21	20
319	145	21	20
318	145	22	21
319	145	21	21
319	145	21	21
319	145	21	20
319	145	21	21
319	145	21	20
319	145	21	21
319	145	21	21
318	145	23	21
319	145	21	19
318	145	22	20
319	145	21	20
319	145	21	20
318	145	22	21
319	145	21	21
319	145	21	20
319	145	21	20
319	145	21	20
319	145	21	20
319	145	21	20
320	145	21	19
322	144	23	22
325	145	22	21
343	132	20	20
331	144	22	20
333	143	23	21
336	143	23	21
339	143	22	21
342	142	22	21
344	142	23	21
347	143	21	21
350	142	22	21
352	142	22	22
355	142	21	21
357	143	22	20
360	142	21	21
362	142	22	20
364	141	21	20
366	141	22	21
368	141	22	21
369	141	23	21
393	149	22	20
393	149	22	20
391	149	22	20
391	149	22	20
391	149	22	20
394	149	21	19
394	150	21	19
394	150	21	19
391	149	23	20
393	147	22	21
391	149	23	20
390	149	23	20
391	149	22	20
390	149	23	20
391	149	23	20
392	146	23	21
391	149	23	20
393	148	22	21
391	149	23	20
391	149	23	20
392	149	22	20
391	149	24	20
391	149	23	20
391	149	23	20
391	149	24	20
391	149	24	20
392	149	23	21
392	149	22	21
391	149	24	21
392	149	23	20
391	149	24	20
393	149	22	20
392	149	23	21
392	148	23	21
393	149	22	21
392	149	23	20
393	149	22	20
392	149	23	20
392	149	23	22
392	149	23	21
392	149	23	21
392	149	23	20
392	149	23	21
392	149	23	21
392	149	23	21
392	148	23	22
392	149	23	21
392	149	23	21
392	148	23	22
393	149	22	20
392	149	23	21
392	148	23	21
392	149	23	22
392	148	23	22
392	149	23	21
392	149	23	20
393	149	22	21
392	149	23	20
392	149	23	21
392	149	23	21
392	149	23	21
392	149	23	21
392	149	23	21
392	149	23	21
392	149	23	20
392	149	23	20
392	149	23	22
392	148	23	22
392	149	23	21
392	149	23	21
392	149	23	20
392	149	23	21
392	149	23	21
393	149	22	20
392	149	23	21
393	148	22	21
392	149	23	20
392	149	23	21
392	149	23	21
392	149	23	22
393	149	22	20
393	149	22	20
392	149	23	21
392	149	23	21
392	149	23	21
392	149	23	21
392	149	23	21
392	149	23	22
392	149	23	20
393	149	22	21
392	149	23	21
405	127	25	21
394	129	24	20
383	132	23	20
373	132	24	21
365	133	23	20
361	135	21	19
358	135	22	21
354	136	24	22
352	136	22	21
348	137	22	21
345	138	21	20
364	138	21	21
360	136	23	21
358	133	21	20
354	130	23	22
352	129	21	20
349	126	21	20
347	124	21	21
345	122	21	20
342	119	21	20
339	118	21	19
337	116	20	18
335	113	19	19
333	112	20	18
329	109	21	20
329	108	19	18
307	120	21	19
307	120	20	20
321	102	20	18
319	101	20	17
306	119	21	20
306	120	21	19
306	119	20	19
305	119	21	19
305	119	22	20
306	119	21	19
304	119	22	19
305	118	21	21
304	119	21	19
305	119	20	19
304	119	21	19
305	119	20	19
305	119	20	19
304	119	21	19
305	119	20	19
305	119	22	19
305	119	20	19
304	119	21	20
304	119	21	19
305	118	19	20
305	120	20	18
304	119	21	19
304	119	22	20
305	119	21	19
305	119	21	19
304	118	21	21
304	119	21	19
304	119	21	20
304	119	22	20
305	119	21	19
304	119	21	19
304	119	22	19
305	119	20	19
305	120	19	18
304	119	21	20
304	119	21	20
304	119	21	20
305	119	20	19
304	119	22	20
303	119	22	20
305	120	20	18
304	119	21	19
305	119	20	19
304	119	21	20
304	119	22	20
305	119	21	20
305	119	20	19
304	119	21	20
304	119	22	20
304	119	22	19
304	119	22	20
304	120	21	18
304	119	20	20
304	119	21	19
304	119	21	19
305	119	20	19
304	119	23	20
304	119	20	19
304	119	20	19
305	119	21	19
304	119	22	21
304	119	22	20
305	120	20	18
304	119	22	22
305	119	20	19
305	119	20	19
304	119	22	20
304	118	23	22
304	119	21	19
304	119	21	20
303	119	23	21
305	119	20	19
304	119	21	19
305	118	20	20
305	119	20	19
305	119	21	20
304	119	21	19
303	119	23	21
306	118	20	20
305	119	20	18
304	119	21	20
305	119	21	19
305	119	20	19
304	119	21	19
304	119	22	20
304	119	22	20
304	119	22	20
305	119	21	20
304	120	21	18
304	119	21	20
304	119	21	20
305	119	20	20
305	119	21	19
304	119	21	20
305	119	21	20
304	119	21	19
305	120	21	18
305	119	20	19
304	119	20	19
305	119	20	20
304	120	21	18
304	119	21	19
305	119	20	20
304	119	21	19
304	119	22	22
304	119	22	20
304	119	21	20
305	119	19	19
304	120	21	19
305	120	20	18
304	120	21	19
305	120	19	18
305	120	19	19
305	119	19	19
305	119	19	19
305	119	20	19
305	119	19	18
306	118	19	19
304	117	22	21
304	113	23	24
304	112	23	25
305	112	21	25
303	112	22	25
304	113	22	24
301	112	24	26
303	113	21	24
298	113	29	29
300	113	24	25
300	113	24	25
299	113	25	26
299	114	25	25
304	118	21	21
314.71198	192.28052	27.021465	23.758434
295	113	30	28
314.49677	191.56125	26.83496	23.290363
306	119	19	19
313.70502	192.22108	26.770763	23.25198
306	120	20	18
306	119	19	19
314.55182	191.45158	26.784576	23.790398
305	119	20	19
313.8354	191.93756	26.601892	23.463346
306	119	19	18
306	119	19	19
306	120	18	18
306	119	19	19
305	119	19	19
305	119	19	19
305	119	19	19
305	119	21	19
305	119	20	19
305	119	19	19
305	119	20	19
305	119	20	19
305	119	20	19
305	119	21	19
305	119	21	19
305	119	19	19
305	119	20	20
305	119	21	19
305	119	20	19
305	119	19	19
304	119	20	19
305	119	21	19
305	120	21	18
305	120	21	18
305	119	20	20
305	119	19	18
304	119	21	19
305	119	20	19
305	120	20	18
305	119	19	19
305	119	19	19
305	119	20	19
305	119	20	18
305	119	21	19
305	119	20	19
305	119	20	19
305	120	20	18
305	120	20	18
305	120	20	18
304	119	21	19
304	119	22	19
305	119	19	18
305	119	20	19
305	119	21	19
305	120	19	18
305	118	20	20
305	119	19	19
305	119	20	19
305	119	20	19
305	119	20	19
305	119	19	19
305	119	21	19
305	119	21	20
305	119	20	19
305	119	20	19
305	120	20	18
305	120	20	18
305	119	20	19
305	119	19	19
306	119	20	19
304	119	20	19
305	119	20	18
305	119	20	19
304	118	22	20
305	120	21	18
305	119	19	19
305	119	20	19
305	119	21	19
304	119	20	19
305	119	20	19
305	120	19	18
305	119	19	19
305	119	20	19
305	120	20	18
306	119	19	19
305	119	20	19
304	119	20	19
305	119	20	19
305	119	20	19
305	120	20	18
305	119	19	19
305	119	20	19
305	120	20	18
305	120	19	17
305	119	20	19
305	120	20	18
305	119	20	19
305	120	20	18
305	119	20	19
305	120	21	18
305	119	20	19
305	119	20	19
305	119	21	19
305	119	20	19
305	119	19	18
305	119	20	19
305	119	21	20
304	119	22	19
305	119	20	19
305	119	20	19
305	119	20	19
305	119	20	19
305	119	20	19
305	119	20	19
305	119	20	18
305	119	20	19
305	119	20	19
305	119	19	19
305	119	20	19
305	120	20	18
305	119	20	19
305	119	20	19
305	119	20	19
305	119	20	19
305	119	20	19
305	119	20	19
305	119	20	19
