142.0	44.0	52.0	181.0
141	44	52	178
142	46	52	179
141	44	52	179
141	45	52	178
142	45	52	178
141	45	53	179
141	45	54	183
141	44	54	178
141	44	55	179
141	44	56	179
141	44	58	183
143	47	58	179
143	47	59	176
146	48	58	179
145	48	61	174
145	49	62	173
145	50	63	171
141	52	68	168
144	52	68	169
144	55	69	165
146	57	69	163
150	57	64	164
157	58	59	164
159	57	58	164
160	59	58	167
165	58	54	161
168	59	54	163
170	60	51	157
171	62	54	157
173	64	50	154
175	65	49	152
176	65	49	151
177	66	49	150
178	67	52	148
178	66	53	149
178	66	53	150
178	67	54	147
178	68	55	145
180	71	54	142
182	71	53	145
184	72	52	146
186	73	52	146
185	74	51	137
187	74	49	134
190	73	48	135
191	72	49	135
193	76	45	131
194	77	45	127
195	79	44	127
196	80	43	126
197	81	43	126
198	81	43	123
198	80	43	123
198	80	44	123
199	80	43	123
198	81	46	122
199	82	44	120
199	84	44	122
200	85	43	120
200	85	42	119
201	86	41	116
202	85	40	116
202	85	41	116
203	85	41	114
205	86	39	114
202	89	43	110
203	90	43	110
202	90	44	109
206	91	42	109
204	91	43	108
205	90	42	108
205	90	42	107
206	90	41	107
207	90	41	106
212	93	35	105
207	93	42	104
206	94	42	104
208	95	40	104
207	96	41	102
210	95	38	98
211	94	37	99
214	95	35	98
215	95	35	98
215	95	33	102
215	97	33	99
217	98	33	95
218	98	33	95
218	99	33	94
218	97	33	94
218	97	34	93
219	97	32	95
218	98	35	93
217	99	35	93
219	98	34	98
218	100	35	96
219	101	33	91
219	101	32	93
220	99	32	91
221	100	32	91
222	99	31	92
222	100	31	87
222	98	32	94
223	100	31	91
223	102	31	89
223	104	32	86
224	104	31	86
226	104	29	82
226	104	29	82
225	103	31	83
225	103	31	84
225	104	32	83
225	104	31	83
225	106	31	82
226	106	30	81
227	106	29	83
227	105	28	80
227	106	28	78
227	104	29	81
228	105	28	81
228	106	27	78
229	106	27	78
229	107	28	79
229	107	28	79
230	108	26	76
231	109	26	74
230	107	26	75
230	108	27	74
230	108	27	74
230	108	28	73
231	109	26	74
231	109	26	75
231	110	25	74
231	111	25	72
231	111	25	70
232	110	24	72
232	110	24	71
232	112	25	71
233	111	24	73
233	112	25	71
233	113	25	70
233	113	26	70
234	114	25	69
234	114	25	68
234	113	26	68
234	112	25	70
234	112	24	66
234	113	25	66
235	113	24	68
235	114	24	68
234	115	25	66
234	115	24	65
235	114	23	63
236	114	23	63
236	114	23	64
237	114	22	63
237	115	22	62
237	115	22	63
238	116	23	63
238	116	23	62
238	117	23	61
238	117	23	61
238	116	23	61
239	116	22	61
240	115	21	62
238	115	24	63
239	116	23	63
239	117	24	62
240	117	22	62
241	118	20	61
240	118	22	59
240	117	22	60
240	117	21	58
241	117	21	58
240	118	22	57
240	118	22	57
241	119	22	57
241	119	22	57
242	121	21	55
242	121	21	54
243	120	21	54
242	121	22	54
242	120	22	54
242	122	22	51
244	120	20	58
242	122	22	53
242	123	22	52
243	123	21	52
243	123	21	51
244	122	21	51
243	122	21	52
244	122	21	52
245	122	20	51
244	122	21	52
245	122	20	51
245	123	21	52
245	123	20	50
246	122	20	51
246	121	20	51
245	121	20	51
246	121	20	51
247	120	20	53
246	121	21	51
246	122	20	51
246	121	20	51
246	122	20	49
247	120	20	53
247	121	19	49
247	121	19	49
247	121	20	50
248	120	19	52
249	120	19	52
249	121	19	51
248	121	20	51
249	122	19	50
249	122	19	51
248	120	20	51
248	120	19	51
248	120	20	52
248	121	20	51
248	121	19	51
249	121	19	51
249	123	18	49
249	123	18	49
249	123	18	49
249	122	19	50
249	122	18	50
250	122	18	49
250	123	18	49
250	123	18	49
250	124	18	48
250	124	18	48
250	125	18	48
250	125	18	47
250	124	18	47
249	124	18	45
248	125	18	46
250	125	17	47
249	125	17	47
250	126	16	46
250	126	17	46
249	126	17	46
249	126	17	46
248	126	18	46
248	127	17	45
247	125	17	48
247	127	17	45
248	127	16	45
247	127	17	45
248	126	15	44
247	125	15	43
247	125	15	43
246	124	14	45
247	122	12	45
247	124	12	43
245	125	14	44
245	126	14	42
244	125	16	43
244	126	16	43
243	126	16	42
242	125	17	43
241	125	17	44
241	124	16	45
240	124	16	46
240	125	15	43
238	124	16	45
238	124	16	44
237	124	17	44
236	124	17	45
235	124	18	45
234	124	18	45
234	124	17	46
234	122	16	48
233	122	17	48
234	123	16	47
233	122	17	48
232	123	18	47
232	123	18	48
231	123	18	48
231	123	17	47
231	122	18	49
231	122	17	49
231	123	17	48
231	123	17	49
231	122	17	50
230	121	18	50
230	121	18	51
230	121	18	51
230	121	18	51
229	120	19	51
228	119	20	52
229	119	19	52
228	119	19	50
229	119	18	52
228	119	19	50
228	119	18	50
229	117	19	52
228	120	18	49
228	120	18	49
228	119	19	51
228	118	19	51
228	117	20	54
228	117	18	52
228	118	18	51
229	119	17	50
229	119	18	51
229	119	18	50
228	119	18	51
229	118	18	51
228	117	19	52
227	117	19	53
227	116	19	54
228	117	19	53
227	118	19	53
228	117	18	53
228	118	18	52
228	119	19	52
228	117	19	54
228	117	20	55
228	117	18	54
228	118	18	54
228	117	18	55
228	117	19	55
228	118	19	54
228	119	19	55
228	118	19	55
227	117	21	57
227	116	19	56
227	117	19	56
226	116	20	58
225	114	21	58
225	115	21	57
224	116	21	57
225	117	21	57
225	116	22	60
225	116	20	57
225	115	18	58
225	113	20	61
224	114	20	59
224	115	21	59
222	112	23	62
223	113	23	63
222	115	22	58
221	114	23	58
222	114	22	57
221	113	22	58
222	113	20	59
222	114	18	59
222	113	21	60
222	113	20	60
222	114	20	59
221	114	20	59
221	115	20	60
221	113	20	61
221	113	20	62
220	111	22	62
220	111	22	63
219	112	22	63
219	113	22	62
219	113	21	62
219	114	22	62
218	113	22	63
218	112	23	65
218	111	23	64
218	111	21	64
218	110	21	65
218	110	22	64
217	111	22	64
218	112	22	64
217	111	22	65
217	112	22	66
216	111	23	66
216	109	24	70
215	109	25	70
215	109	24	68
214	108	26	72
215	109	24	70
214	109	24	68
214	110	23	68
213	109	24	69
212	108	27	73
212	108	26	72
212	107	26	73
213	107	24	71
213	106	24	71
212	107	25	71
212	107	26	72
211	108	26	72
209	108	28	73
210	107	27	73
208	106	28	74
208	105	27	75
209	104	27	76
207	104	28	76
207	104	28	76
205	105	29	76
208	105	26	77
206	106	28	76
205	105	29	77
204	104	31	79
203	103	30	79
204	102	29	82
205	102	28	81
204	102	30	81
203	102	30	81
203	102	30	82
203	103	30	81
203	103	30	82
201	102	30	83
201	101	30	83
201	100	30	84
202	100	31	87
202	101	31	86
201	101	31	86
200	101	31	90
198	100	32	86
197	100	32	86
197	99	33	87
196	99	33	88
197	97	32	90
196	97	32	90
198	96	31	91
197	97	32	91
197	97	32	94
196	98	32	93
196	98	32	94
196	97	32	93
193	97	34	93
194	95	33	98
194	94	34	97
194	93	34	99
192	93	36	104
191	94	37	103
190	95	37	99
190	95	36	100
190	95	36	100
189	95	36	98
188	93	37	100
188	92	36	102
188	91	35	103
189	92	35	103
188	91	35	102
188	92	34	102
187	92	35	104
187	92	35	105
186	90	36	104
186	89	36	105
185	87	38	109
185	87	38	110
182	86	40	108
182	86	40	108
181	88	41	110
181	88	41	112
180	87	42	114
178	86	43	113
178	84	41	114
178	82	41	115
177	80	41	115
178	79	40	116
178	79	40	117
177	80	40	118
177	80	40	119
176	80	41	120
175	79	41	122
174	79	42	125
172	77	44	123
172	74	44	126
171	74	45	127
170	74	46	128
171	75	44	131
170	76	45	131
169	76	45	130
168	75	46	132
167	73	48	135
166	71	48	135
165	68	48	140
163	67	49	139
162	66	49	138
163	66	48	140
163	66	48	142
162	65	49	147
161	66	50	148
159	65	51	148
157	64	52	145
157	64	52	149
155	60	54	152
156	61	52	154
154	59	55	156
154	60	54	154
153	60	55	157
152	61	55	156
151	60	56	157
149	58	56	161
147	55	58	165
145	52	60	165
144	51	60	166
144	49	60	167
144	49	60	170
143	49	61	171
143	49	62	173
143	50	60	177
142	47	62	175
143	46	60	183
141	45	62	182
139	43	65	183
139	37	62	186
138	37	64	187
138	40	66	189
136	40	67	191
135	40	68	191
134	36	66	195
129	36	74	198
129	32	69	200
128	27	70	205
130	23	69	208
129	22	70	213
128	22	73	223
127	19	72	218
127	20	74	219
124	19	76	222
122	18	77	226
120	16	80	229
120	13	79	232
119	9	80	235
119	6	80	238
118	4	82	241
118	4	82	245
115	3	83	245
109	1	89	254
107	0	90	255
104	1	92	251
100	-1	95	252
94	-1	99	253
91	-1	100	255
95	0	95	256
88	-1	104	255
93	0	97	256
84	0	108	253
80	-1	114	256
86	2	100	254
83	4	99	252
76	-1	118	254
75	-4	118	257
75	-5	119	259
76	-4	120	257
74	-4	123	258
72	-4	123	258
69	-3	124	257
65	-3	127	255
61	-2	131	255
55	-1	134	254
42	0	155	256
43	0	157	256
42	1	158	255
44	0	141	253
45	0	142	254
43	2	148	254
43	0	148	254
43	0	145	254
29	0	172	251
39	0	147	252
39	0	152	253
27	1	172	255
24	3	167	253
27	0	177	256
24	0	182	256
22	0	173	256
14	0	181	256
12	0	184	256
10	0	189	256
9	0	189	256
8	0	182	256
6	1	188	255
7	0	179	256
10	0	186	256
11	0	191	256
16	-2	174	257
13	0	187	256
27	1	168	255
14	0	188	256
13	0	188	256
11	0	194	256
11	0	195	256
10	0	195	256
10	0	195	256
8	0	204	256
10	0	198	256
8	0	200	256
10	0	197	256
9	0	198	256
9	0	195	256
