150.0	112.0	20.0	11.0
148	112	20	11
147	112	19	11
147	110	20	12
147	110	21	12
141	109	18	12
145	110	22	12
145	110	22	12
150	110	16	14
144	114	19	11
149	110	16	13
149	111	17	12
144	113	20	11
145	112	20	12
149	110	16	12
150	111	17	11
150	111	17	11
151	110	15	11
150	111	16	11
150	111	17	10
151	111	16	11
150	111	16	11
150	111	16	11
150	111	16	11
150	110	16	11
151	111	15	12
149	110	16	12
151	110	15	13
151	111	16	11
151	111	15	11
150	111	15	11
151	111	15	11
150	111	15	12
150	110	15	12
150	111	16	11
151	111	16	11
150	111	15	11
150	111	16	11
151	110	15	11
151	111	15	11
151	111	15	12
151	111	15	12
151	111	15	12
151	111	16	12
151	111	15	12
150	110	16	11
151	111	15	11
151	111	14	11
151	110	15	11
151	111	15	11
150	111	16	11
151	111	15	12
150	110	15	11
150	111	15	11
151	110	15	12
151	111	15	12
150	110	15	11
150	111	16	11
150	111	16	11
150	111	16	12
149	111	16	12
151	110	15	13
150	111	16	11
150	111	15	13
150	111	17	12
150	111	15	12
150	111	16	11
151	111	16	11
150	110	16	13
149	110	17	12
150	111	15	12
149	110	15	12
149	111	16	11
149	111	16	11
149	110	16	12
146	111	19	10
149	111	16	11
150	110	15	11
149	111	16	12
150	110	16	12
149	110	15	12
150	111	16	12
149	110	16	11
149	110	16	11
149	111	16	11
150	110	16	12
150	110	16	12
150	111	15	12
150	109	16	12
150	110	16	12
150	111	16	11
150	110	16	12
150	111	16	11
150	111	16	11
149	111	15	12
149	111	17	12
149	111	17	12
150	110	18	12
150	109	16	13
151	110	17	12
152	111	16	11
152	111	17	11
153	110	16	13
155	110	15	12
155	110	16	12
155	110	16	12
157	111	15	11
156	111	16	11
157	111	16	11
157	111	17	11
158	111	16	12
159	112	16	12
160	112	15	12
161	113	16	11
163	113	15	13
166	114	16	11
170	114	15	12
179	114	16	11
191	113	15	12
205	114	15	12
223	114	16	12
239	112	16	14
229	111	22	12
262	111	15	13
272	111	16	12
283	111	17	13
296	111	16	13
303	110	16	12
305	110	17	12
303	110	17	12
299	109	18	12
298	109	17	11
297	106	18	12
297	107	17	12
293	107	19	13
296	105	16	13
295	105	16	12
295	106	16	11
295	106	17	11
295	106	16	11
296	106	15	11
295	106	17	12
297	106	16	12
295	106	19	11
295	106	17	12
296	106	18	10
296	106	20	10
295	106	16	12
294	106	20	11
295	106	17	13
295	106	16	12
296	106	17	11
296	106	18	13
297	106	15	13
299	107	16	12
301	106	17	12
305	106	16	12
307	107	17	12
310	108	18	13
322	109	16	13
340	110	20	13
333.94675	100.042	34.566452	25.62741
308	111	14	9
334	111	13	8
319	119	19	12
199.95941	92.777695	162.67067	105.61442
361	110	14	8
359	110	11	8
354	110	12	8
103.2946	90.667015	284.6872	89.24483
348	107	14	8
350	108	11	8
345	107	14	9
347	107	13	9
238.74985	61.21177	107.56214	128.13457
343	105	16	12
345	105	14	12
345	105	14	14
345	105	13	12
342	106	17	11
88.01538	76.541435	294.39188	117.44618
257.79498	90.08088	90.67613	101.39702
92.11871	28.01867	286.6373	157.213
161.66794	55.041336	190.51814	150.27615
261.0277	106.71003	89.99793	90.631516
107.12259	74.54097	302.9594	81.51536
405	107	16	11
376	100	20	12
377	101	20	13
228.75336	97.40964	124.912125	84.8117
377	103	20	12
379	107	15	9
380	107	15	9
2.5476074	97.731926	461.80865	27.236074
47.770798	85.89693	382.8821	80.13299
248.82198	58.545578	100.5853	138.53122
385	105	16	10
142.66122	73.98184	209.25023	107.83527
406	108	13	9
407	109	11	7
409	108	10	9
68.98189	94.50679	375.92776	46.276577
126.11634	76.5816	218.99251	109.61897
136.29369	60.01873	210.78287	157.214
227.416	73.84074	126.73233	123.14043
83.55536	93.4998	337.37555	45.666042
160.08209	71.41977	171.46812	122.27416
76.68683	88.63983	331.4425	44.466736
32.490433	96.36024	368.60147	40.871445
391	108	13	9
383	107	17	10
238.17174	76.29341	116.979225	110.6381
98.136475	85.67499	331.96667	72.70934
391	107	15	10
53.96396	85.94958	317.1397	93.63887
400	106	15	9
378	105	19	12
78.76146	90.414986	386.9628	28.570206
67.99979	90.230995	340.38092	41.7159
29.507248	92.30957	366.76993	58.03385
386	108	15	9
376	101	19	12
49.56862	63.4796	330.92136	127.25253
170.86954	62.126045	184.03998	124.99486
183.39566	41.3319	167.25603	154.58089
377	99	20	13
378	100	23	13
388	108	15	9
386	108	15	8
387	107	13	8
115.49504	82.50278	208.91373	99.84198
411	108	12	10
47.750153	90.20072	347.98065	79.98064
248.91214	97.77792	99.72192	90.44879
109.78459	61.282	284.8261	108.17574
217.0547	51.31668	136.11118	139.77557
386	108	16	9
376	99	22	14
385	107	18	10
376	100	22	13
403	108	16	10
397	95	20	12
77.35211	83.213104	318.89597	103.97118
247.9177	17.337234	112.61128	166.85757
388	108	13	8
94.00935	73.3618	301.15152	96.57059
383	107	16	9
398	95	19	10
389	108	15	9
150.17337	69.558304	197.02159	141.90506
58.873398	85.80661	336.86737	69.09319
378	101	21	13
378	100	18	12
117.959305	79.24554	254.56241	90.03499
39.49193	83.531	356.85635	74.93599
388	108	13	8
241.19972	89.60652	103.34726	97.09725
226.38138	86.71416	134.75523	53.915783
50.89656	36.052505	344.10028	134.75017
391	108	13	8
392	108	11	8
229.67294	66.19496	117.39904	111.81046
258.0384	78.556274	87.45578	67.300354
176.45248	85.16783	181.00215	92.33842
388	108	13	9
384	108	16	9
225.81967	67.75711	115.40374	120.51458
97.40872	92.935486	264.90137	55.78913
423	101	19	13
424	102	16	11
423	102	19	12
424	102	16	11
49.91725	89.225174	360.15262	80.36338
257.8098	12.564415	87.816925	161.26472
409	108	12	10
95.32327	71.40753	306.29907	127.43403
263.05978	63.050102	83.40722	104.2964
423	102	18	12
424	102	17	11
398	95	18	11
425	103	15	10
398	95	18	11
243.13129	88.31543	95.43297	94.27447
377	104	19	11
410	109	12	9
389	108	12	8
98.83594	89.49219	288.50287	99.93072
249.14815	86.68094	92.13937	100.95746
388	108	13	8
391	108	12	8
36.013596	91.83418	371.49628	50.594913
381	107	16	9
251.27179	82.50206	101.51782	109.96598
183.02893	87.83255	164.63359	70.76035
209.24013	75.775566	159.25967	80.019455
245.76419	93.53722	78.61586	61.69342
264.32986	108.23699	21.856081	21.509653
377	100	21	13
385	107	15	8
391	109	11	6
391	108	14	9
386	107	16	10
387	106	16	10
385	106	16	10
257.08356	115.38806	7.9894	14.11689
380	104	18	11
254.54	116.26886	9.251142	12.260242
253.38025	116.46363	8.061655	12.938475
251.18822	117.58885	8.694742	11.980373
249.31302	116.9953	8.470623	12.35424
388	108	12	8
387	108	14	8
380	106	15	9
397	108	20	14
399	106	17	11
377	105	19	13
399	95	18	11
239.28903	119.66119	7.9697275	12.985299
399	95	17	10
235.67657	116.39018	8.960612	18.305408
407	108	14	10
235.56642	117.24287	7.694492	16.087383
386	107	14	9
387	108	14	8
231.30707	119.54164	7.9698033	16.735466
379	106	15	10
380	106	15	10
227.63098	120.75583	9.239733	13.91522
226.5784	122.74306	8.482679	12.552546
407	107	13	9
224.77486	122.78473	7.87773	14.26691
224.66228	122.49179	6.5972075	15.241175
390	107	18	10
386	108	16	9
378	100	19	12
220.06233	123.79266	10.241678	13.8216
219.73918	123.41382	8.035569	14.831854
219.37486	124.69664	7.0852265	14.619328
218.48763	123.8223	7.494259	14.172986
399	95	18	12
399	95	18	11
397	95	18	10
421	101	22	14
409	108	11	9
211.66856	125.51859	7.3235784	16.246656
410	108	10	9
408	109	11	8
209.15324	127.38493	7.9177	13.698391
207.3985	127.79116	8.337099	15.153701
207.31284	126.0733	7.507507	16.132286
206.59442	128.11049	7.85278	14.296762
205.18073	128.5006	8.4760065	13.659388
391	109	10	7
391	108	12	8
202.66182	129.06592	7.9774003	14.432201
201.33041	127.177475	8.10372	15.820588
200.9549	128.17865	7.9434304	16.153477
411	110	8	8
199.58913	131.06984	8.660274	11.406679
198.82697	131.07451	8.083595	12.8813715
389	108	11	7
388	107	14	9
389	108	12	8
195.79347	132.17184	7.635921	13.564514
195.3794	132.52686	7.452853	14.230118
194.09853	132.02637	7.829778	13.806204
398	95	18	12
192.38805	132.63242	7.7781262	14.591809
390	108	10	7
389	108	11	8
189.95042	128.14047	9.363675	20.040108
187.27473	133.38129	10.018176	15.693064
409	108	11	9
399	95	16	10
183.37415	135.50775	10.089773	14.325615
