96.0	68.0	28.0	73.0
97	69	27	71
97	69	27	69
97	68	29	71
98	67	28	71
100	67	28	73
100	66	29	71
100	65	29	72
101	63	29	72
103	64	29	71
103	63	29	70
104	62	30	70
105	62	29	69
106	62	29	68
107	61	29	68
108	61	29	69
111	61	29	67
111	60	29	66
113	60	28	63
116	59	25	65
115	58	27	64
117	57	27	65
117	60	27	62
118	59	28	65
119	61	27	63
120	64	27	63
121	66	27	64
122	67	27	63
122	68	27	65
123	69	27	66
124	69	27	65
124	72	27	64
125	73	27	62
127	75	25	61
126	76	26	61
129	76	26	67
129	81	26	60
130	84	25	61
132	85	24	61
130	87	25	59
132	88	25	60
132	89	25	61
133	91	26	60
135	92	25	59
136	93	25	57
136	92	25	57
138	93	24	56
139	94	24	55
142	94	21	58
139	88	25	62
140	86	26	64
141	85	26	64
141	86	26	64
141	87	26	61
142	88	26	58
144	83	25	62
143	81	26	65
147	79	24	62
144	80	25	61
145	81	25	61
145	81	25	62
146	78	25	64
146	80	25	63
146	80	25	64
148	83	25	63
147	82	26	65
148	83	26	64
149	83	26	63
150	82	25	62
151	84	26	61
151	82	25	59
153	84	23	60
154	84	24	60
153	83	25	64
154	81	26	63
155	81	25	63
156	82	24	63
157	79	25	64
157	80	24	64
159	80	22	60
158	78	24	62
159	79	23	59
160	78	23	60
160	76	24	57
161	75	24	56
161	74	24	56
162	73	24	57
162	73	24	56
163	74	24	55
164	74	24	55
164	73	24	58
164	76	24	55
164	75	25	58
164	75	27	65
165	77	25	68
165	77	25	64
165	78	24	66
163	74	26	73
164	76	25	63
163	78	25	62
163	80	25	64
162	79	25	63
162	80	26	65
162	81	25	65
162	81	26	64
162	79	25	63
162	78	24	62
163	80	24	61
161	82	24	56
161	78	23	60
160	77	23	59
159	77	24	59
160	78	23	60
159	77	24	60
159	76	24	60
160	78	21	60
159	77	23	59
159	77	23	60
159	77	24	59
162	80	19	51
161	79	21	54
160	81	22	52
161	78	21	56
160	74	24	59
159	75	24	59
159	75	24	60
159	76	25	60
159	76	24	60
159	78	24	60
159	77	24	61
160	76	24	61
160	77	23	60
163	78	21	55
161	77	23	53
161	77	23	53
160	76	23	56
161	77	23	57
161	78	23	56
161	77	23	57
162	80	23	55
162	79	23	57
162	81	22	55
162	82	23	55
162	81	23	57
162	83	23	56
164	85	22	55
163	83	23	56
163	83	23	56
163	82	23	58
165	88	21	53
164	89	21	53
162	85	24	61
162	82	23	60
163	83	21	58
163	83	22	59
162	82	24	59
162	83	23	57
162	83	22	57
164	85	20	56
160	84	24	56
159	80	25	59
162	85	21	55
160	83	23	57
159	82	23	58
158	82	24	56
158	83	23	54
158	84	22	51
158	80	21	56
157	77	22	54
156	79	23	57
156	76	23	55
158	76	21	59
157	78	20	54
156	74	23	57
158	75	21	59
157	76	22	58
157	76	23	58
158	76	23	56
157	76	24	58
159	73	22	63
160	75	21	58
159	74	23	58
158	74	23	56
159	73	23	57
159	73	23	56
158	73	22	56
159	72	22	56
160	72	21	54
161	74	21	55
161	74	21	52
161	73	22	54
161	74	22	54
162	74	23	54
162	75	23	53
164	75	22	55
164	74	23	55
165	74	23	55
165	73	24	54
167	74	21	54
167	74	23	54
167	74	23	54
167	74	23	55
169	77	20	55
168	77	22	54
169	77	24	53
169	75	23	55
169	77	24	53
171	77	21	53
170	74	25	52
169	74	25	50
169	72	25	55
172	80	21	48
172	81	21	48
171	80	23	50
171	79	24	51
173	81	20	47
143	72	23	54
144	71	23	52
144	72	22	51
145	73	22	51
145	75	22	47
145	74	22	51
142	73	22	56
145	71	23	49
146	73	23	50
147	64	23	54
148	65	21	53
149	64	21	55
148	64	23	54
148	66	26	53
149	62	23	54
148	64	25	53
150	62	24	55
149	62	26	52
155	50	19	63
181	64	21	51
183	64	20	54
183	67	18	49
181	61	22	50
181	61	22	55
181	61	23	55
183	60	21	55
183	62	21	53
183	60	21	50
184	60	21	52
183	61	21	52
184	59	21	49
182	59	23	50
183	60	22	49
184	61	22	50
185	62	20	48
185	56	21	52
184	60	20	50
183	57	22	53
182	59	23	50
182	59	22	52
183	55	20	53
183	55	20	53
184	56	20	49
182	55	22	51
182	54	20	49
182	52	19	50
182	53	19	48
182	52	19	49
182	51	19	49
182	51	19	48
181	51	19	51
181	51	19	51
181	50	19	49
181	49	19	50
180	48	19	50
180	47	19	50
180	47	19	50
180	47	19	49
180	47	19	48
179	47	19	48
178	47	19	49
178	48	20	50
176	47	22	52
177	46	21	55
177	44	21	57
