295.0	125.0	18.0	19.0
295	124	17	19
295	124	18	19
295	124	22	19
294	125	25	18
295	124	17	20
295	124	16	20
295	124	15	22
291	124	21	19
294	123	20	16
293	124	28	19
295	125	18	16
295	123	25	20
291	124	24	18
293	124	23	17
290	123	28	20
294	123	21	22
294	124	21	20
294	123	23	19
291	123	23	19
295	122	23	20
291	124	20	20
293	124	25	21
294	125	18	20
294	124	16	22
294	124	20	15
292	126	20	21
295	123	25	18
294	124	27	21
296	124	17	17
295	125	23	22
297	124	15	18
296	124	19	20
296	124	20	17
291	123	22	19
298	124	15	18
294.18948	124.124756	24.052214	19.97927
293.34555	124.45865	24.070244	17.62716
293	123	21	17
298	124	14	18
296	126	17	22
291	125	20	22
298	122	15	25
299	120	15	23
296	122	15	21
297	123	15	22
294	124	18	18
295	122	15	17
293	121	20	14
293.01468	116.23405	34.980583	18.715109
292.47464	110.69089	64.86751	45.70514
312.34866	122.89997	61.377476	50.911182
282.05908	121.31857	38.57064	19.980188
294	126	19	15
291.22284	114.594154	40.083286	31.34398
295	126	18	15
290.68774	122.53998	27.082428	20.468134
287.4266	124.80058	31.787111	14.899958
291	125	21	14
275.32495	117.72203	39.185703	22.2016
291	125	31	20
295	126	17	15
288.07422	121.29816	29.782515	20.415615
280.5664	122.00543	42.952522	22.306757
287.49738	123.80656	40.440372	16.248484
286.8782	125.991234	29.136585	17.126354
294	125	22	17
288.40387	114.491455	41.06394	26.239777
290.2138	122.457954	53.06359	20.071215
289	126	27	11
294.22568	114.95259	41.995876	31.933952
294	126	24	12
284	125	28	18
293	125	27	17
294	125	17	15
292	124	20	20
294	125	17	17
285.58517	122.036766	34.834515	21.104082
290	125	23	14
285	120	34	24
288	126	31	16
294	124	21	23
285.13577	121.01399	31.509974	22.743832
294	127	19	18
294	126	18	18
294	125	17	19
294	123	16	19
291.3866	123.2926	25.841808	17.834843
287.5027	123.03401	27.920168	18.55692
294	127	18	15
286.2396	122.934166	29.00995	20.105547
290.0783	127.01626	27.967625	18.819805
277.38037	116.54266	38.26757	25.157621
292	125	21	18
293	125	19	17
293	123	23	18
311	117	27	28
294	125	26	17
295	126	17	14
288.0584	119.73486	28.695192	21.856176
293	126	22	17
295	125	16	18
293	125	21	17
292	124	19	19
291.47055	110.347374	52.360386	34.18147
294.10577	117.376335	52.56797	29.832478
286.8003	124.13336	46.97143	14.692445
293	125	25	13
288.4551	110.39955	50.85254	37.009247
294	126	24	15
285.02466	107.284996	53.077045	33.58441
296.00397	90.10856	43.11028	48.022327
279.02515	97.121185	52.259468	35.76647
309	104	21	23
291.74692	105.33519	59.947205	41.982094
296.3774	121.8849	53.090565	43.81431
300.19263	110.98895	34.12193	23.018618
308	113	20	23
303.23666	108.054214	30.774208	31.453709
334.2214	145.99382	22.221601	20.381575
333.93863	142.51501	28.6997	26.689129
331	142	25	28
332	147	22	23
334	148	21	21
326	148	28	19
336	145	19	18
334	146	23	23
335	145	19	19
340	145	17	15
334	146	21	19
338	145	20	19
336	148	19	20
331.3729	143.9831	31.33269	26.927853
336	146	20	22
335	146	20	20
328.59106	137.90926	43.22989	30.625456
334.5147	142.90262	36.45657	33.91547
294.09116	118.442085	25.152594	26.632763
291.30045	125.92132	23.0765	23.04531
289.18414	124.660866	32.142212	32.34679
291.22296	121.61384	38.2424	30.826832
294.59506	119.97466	30.715584	27.188122
295.11594	121.34113	42.36476	33.31157
295	124	24	19
294	127	23	22
294	123	30	24
295.42334	120.099266	45.100037	29.48573
308	124	26	24
294	122	25	19
288.3882	120.02725	40.11748	29.676174
336.44113	146.84613	22.477222	24.92792
332.7288	145.39494	25.45157	22.400604
331.78052	143.16393	32.51291	30.125914
313.7123	118.57999	71.329636	52.595894
275.20584	95.60126	107.12861	55.652866
311.97586	106.11888	44.089153	44.890175
309	116	33	30
335.10934	146.59003	21.433289	21.780691
329	138	44	32
335.935	137.29343	69.74771	48.907116
296.82364	79.85536	144.6613	109.26465
362.70502	101.5838	137.17883	120.51121
260.43436	60.1064	216.13422	152.19635
374.02563	116.63039	128.16739	111.720665
319.417	93.180984	172.12888	149.16312
359.9773	95.173615	144.93727	123.30425
313.66553	100.03114	102.70041	88.969574
294.94107	100.105484	77.67176	58.397217
268.21124	79.50222	142.11575	83.75447
271.62775	89.3143	109.63449	76.50567
263.62875	94.863525	110.719124	72.43989
300.72528	94.50673	96.709076	86.262535
270	110	60	40
282	109	86	47
292.28854	116.32204	39.44706	31.335852
295.64355	121.20611	31.196434	24.744095
336.62933	146.42192	19.28612	21.226957
334.52524	141.47525	35.74141	29.540298
327.25446	138.06075	37.568874	33.170258
316	130	59	43
293.97092	115.59577	28.307758	25.614729
303	121	40	35
291	121	29	25
289	117	41	41
292.97513	120.86226	26.666033	19.145115
296	114	50	42
316	132	62	47
284	117	53	33
290	111	52	42
270	111	65	36
267.33304	78.449005	132.31146	81.53022
258.84964	85.93131	109.05233	72.114365
266	100	89	58
279	88	113	66
264	39	79	87
257.51984	93.45261	120.071884	71.97131
227.81784	27.017662	173.13861	135.65498
255.79443	88.64401	143.86517	84.677
265.40134	86.34694	122.87055	90.936066
290.1806	91.61316	125.53856	88.59143
234.23102	16.44355	127.946	123.11406
107.55246	-9.580872	328.26575	242.45905
382.4767	95.94294	134.80553	138.93748
318.67947	109.88387	188.03398	144.5569
242.31584	51.868614	270.25467	191.55501
341.71515	82.34832	170.10703	145.02943
277.22495	90.458824	137.49396	99.18886
259.50836	96.39017	151.87427	91.677315
269	102	108	70
270	107	81	50
275	105	105	57
265	103	78	48
272	109	55	33
295	120	29	27
293	123	34	32
299	120	39	33
294	121	30	27
290	122	42	27
293	119	42	29
294	124	44	30
290	123	23	19
303.81607	122.91315	36.595047	30.005499
294	122	24	21
284.21347	114.47352	50.181797	49.684124
275.38907	89.9706	120.44389	73.86987
268.21576	107.92149	61.461926	43.028927
282.73187	112.8221	73.186646	40.77167
272.23947	90.76009	132.52788	83.3022
294.70142	70.43356	145.36488	116.03333
246.05627	74.17708	150.3706	112.441925
315.60645	105.66536	90.635635	84.24771
273.13904	91.66086	129.75824	78.04227
249.22934	24.517727	101.249825	103.3975
269.78516	107.401306	88.709595	59.71042
267.4268	108.27199	77.13136	43.700798
283.40848	113.29384	67.94807	41.13595
289.4462	117.630196	42.364704	34.53343
387	14	15	13
291.02258	128.48546	24.542513	21.970604
295.43826	123.18538	24.64594	18.726593
304.0344	125.19003	32.584187	28.145235
295.22852	121.89531	28.173752	23.062778
307.9527	123.001076	25.387177	21.33635
302.1138	121.73122	25.930285	25.582006
296.28873	117.172455	32.48623	25.94519
284.51566	81.893326	72.60411	55.52012
296.45328	112.3824	85.98263	49.300076
313.81653	111.23649	66.81898	53.055065
321.9773	122.3273	102.62503	68.48416
257.24792	86.76096	134.4548	81.49382
255.4667	84.0312	127.1109	87.563156
182.26324	-4.8826065	286.6004	205.63374
272.3475	38.581512	234.43007	177.78583
369.6233	115.28421	137.05202	105.46319
369.91974	94.946304	112.36576	100.21273
304	76	17	16
306	100	18	17
304	88	19	17
303	82	19	17
303	80	18	16
302	81	18	17
302	87	19	17
301	96	18	18
299	79	17	17
299	75	17	16
300	97	19	18
300	93	18	18
300	93	18	17
300	97	19	17
297	105	25	25
300	109	21	22
298	102	20	21
300	99	17	17
300	101	16	16
297	106	18	17
297	107	16	17
298	102	17	17
298	103	17	16
298	108	15	15
298	105	15	15
297	105	16	16
298	108	15	15
297	105	16	16
297	107	16	16
297	106	16	16
297	107	16	16
297	106	16	16
298	106	15	16
298	106	15	15
298	106	15	15
298	106	15	15
298	106	15	15
298	106	15	15
297	106	16	15
297	106	16	16
297	107	16	15
296	106	17	16
297	106	16	16
296	106	17	17
297	106	16	14
297	106	16	15
297	106	16	15
297	106	16	16
297	106	16	16
297	106	16	17
297	106	16	16
297	106	16	16
297	106	16	16
296	106	18	18
296	106	19	17
296	107	18	17
296	107	19	17
296	107	19	17
297	107	16	16
297	107	16	16
297	107	16	16
297	107	16	16
296	107	17	16
297	108	16	15
297	108	16	16
297	108	16	16
297	108	16	16
300	109	14	14
298	109	15	15
299	110	14	14
299	111	11	10
295.78445	122.37677	18.748161	15.820951
298	114	13	12
299	83	16	15
300	82	16	16
299	81	17	16
300	79	17	17
300	78	18	16
300	76	18	17
301	75	17	16
302	73	17	17
301	72	18	17
303	71	17	17
303	70	17	16
305	69	15	15
305	68	15	17
306	68	15	15
306	68	15	14
305	68	15	17
307	70	14	16
306	70	15	16
305	70	15	17
305	70	16	17
290.91397	136.11911	31.995424	23.04302
306	74	14	15
307	73	14	15
306	73	15	16
306	73	15	16
306	73	15	16
305	72	16	17
294.86588	123.140854	19.699028	24.300316
295.24597	124.12542	18.99077	25.795366
300.09668	129.31346	19.568207	21.866665
296.7507	128.18654	21.625088	22.200768
298.45203	130.27701	18.33314	17.60802
307	68	13	14
307	68	13	14
307	68	13	13
307	68	13	15
305	68	15	16
304	70	16	15
305	69	16	15
306	69	15	15
305	68	17	17
305	69	16	16
307	69	15	15
307	68	15	16
307	69	13	15
301	68	17	16
299	69	14	14
291.923	131.41884	14.998245	17.887535
281.04004	129.49988	21.593552	20.347458
276.3095	118.62742	28.658066	25.109823
295.73544	123.29808	16.979342	20.617792
295.1189	123.69136	17.512545	19.99859
280.59103	122.42097	30.597286	22.116838
285	126	16	20
276	132	22	20
277	131	18	20
277	137	11	12
266.58295	121.43444	26.608858	30.501722
278	137	8	8
272	132	12	13
267	130	14	15
238.25934	108.591034	59.47718	35.364136
250	122	16	17
266.82486	97.598236	97.32849	59.86286
240	128	11	12
241.04436	98.08585	89.079124	57.97578
242.95636	87.713684	110.96106	68.48553
260.73514	99.94479	92.55028	64.98876
258.59518	104.59946	84.5767	46.041805
267.22028	107.8981	73.84858	45.120728
288.2808	114.06345	70.431206	47.999187
334.2422	128.96225	77.66083	60.019638
277.3701	85.3365	90.23814	70.91847
214	126	11	12
215	124	10	11
215	121	11	11
265.63138	100.49862	92.98994	52.085617
260.82983	97.78108	140.07616	70.20217
224	113	12	12
386.58298	107.63014	127.91533	121.59676
236	106	13	16
353.7908	107.030914	140.5764	115.42655
208.47514	41.961433	304.86118	227.05037
229.04634	44.929222	280.99857	182.70015
78.65817	21.277084	231.18106	166.74466
161.24637	1.5124512	254.33672	182.51813
359.20056	105.59788	150.0834	116.669174
241.87158	91.67341	140.5226	81.62248
252.80655	95.54978	96.62147	66.669785
272.24545	40.964596	70.389854	77.084236
290.32092	106.66844	73.626	46.20697
278.9902	105.65582	55.07752	28.847235
271.7092	90.07163	72.88738	44.900387
267.02286	106.784065	66.74293	37.47939
252.45898	79.98538	116.18474	68.46317
325.79935	113.1758	69.71603	66.325356
265.94293	39.78806	79.38599	82.75201
54	154	19	19
55	154	21	20
253.13564	102.89454	89.45664	50.547775
296.08386	101.89277	60.7013	45.13667
300.57922	112.51622	26.634876	30.105282
293.04514	118.00753	26.056534	25.306932
294.82358	126.383316	15.345289	14.074406
292.6954	117.70361	29.728024	25.21215
294.14612	118.42183	18.711246	25.232214
294.9341	124.873924	20.148985	15.637644
286.28857	103.76502	55.105213	40.337864
279.45294	108.034775	66.641655	43.495026
290.61313	115.20676	28.914541	29.112183
295.84772	118.91308	38.71855	30.143509
294.2512	123.414825	16.788845	20.616585
282.016	103.509735	51.818558	44.448856
259.85522	97.07742	68.809326	38.748466
261.5358	107.46644	67.55095	38.933605
255.11682	94.018005	73.634766	36.99799
270.8344	70.976036	73.48377	44.415432
253.71486	57.47653	99.74906	70.34696
232.38481	39.75392	101.783424	72.429016
272.67148	39.056435	64.37761	72.35835
294	76	17	16
270.10034	39.544632	67.29611	72.40906
309	72	21	18
311	73	17	16
310	75	17	18
246.558	63.478592	93.33311	63.47229
252.41159	82.77937	96.193596	60.64926
259.3734	79.48115	70.142395	41.01472
253.56728	78.08163	94.18979	55.081406
268.8565	99.23193	81.93435	41.74115
320.15753	111.88408	92.11768	76.030975
296.4155	98.61509	58.59832	55.19609
273.55194	95.846	59.295494	29.196156
268.45865	100.49024	68.12095	41.12111
269.44794	113.55313	30.746855	22.33471
276.8957	107.30228	22.184378	21.787285
388	14	13	13
273.3592	110.771034	23.374805	22.039124
271.72824	111.648315	25.355528	21.492668
273.64474	112.06923	22.90298	21.271276
271.7666	112.49064	24.638487	22.014662
274.10748	111.7656	22.1033	22.40793
276.0953	111.685135	22.077026	22.019226
276.8387	112.26439	21.6877	21.349623
279.64825	110.52502	20.094147	20.550404
280.52908	110.15558	20.248693	19.767525
282.3296	108.56792	20.186165	20.006773
284.21393	108.06823	19.75662	19.14677
285.19403	106.353165	19.746473	19.145332
286.0307	106.39552	19.877785	18.976772
286.7255	104.7095	19.806208	19.476477
287.71503	104.68361	19.192854	18.57111
286.46686	104.783195	20.347235	20.074848
289	104	18	17
289	104	18	17
289	104	18	16
289	104	18	17
289	104	18	17
289	104	18	18
289	104	18	18
289	105	18	17
289	105	18	17
289	105	18	18
289	105	18	17
289	104	18	18
289	104	18	17
290	103	18	17
290	103	18	17
290	103	18	17
290	102	19	17
291	102	18	17
291	102	18	17
291	101	18	17
291	101	18	18
291	101	18	17
291	100	18	18
292	100	17	17
292	99	19	18
293	99	18	17
294	98	18	18
294	97	18	19
296	97	18	18
298	95	18	18
300	94	18	18
302	93	18	17
305	92	18	17
307	92	17	16
308	92	19	17
310	92	18	17
311	93	17	17
311	95	17	16
311	96	18	16
311	96	17	16
311	97	16	14
311	97	15	15
310	97	15	15
311	96	15	15
311	94	16	16
312	91	16	16
313	87	17	17
314	82	18	17
316	76	18	17
255.58127	79.15786	88.95381	78.32695
318	69	18	17
318	67	18	17
318	67	18	17
163.66736	7.200245	179.07353	100.91927
152.9188	2.5962906	219.99078	118.24254
314	46	16	17
311	61	17	18
308	79	17	17
305	71	18	17
304	61	16	16
302	55	17	16
301	51	17	17
299	53	17	17
297	60	17	16
296	69	18	18
294	80	17	17
293	71	17	17
292	67	16	16
290	65	17	17
