243.0	176.0	10.0	9.0
242	176	9	8
243	176	9	8
242	176	10	9
241	176	9	8
241	176	10	9
241	176	9	8
241	176	9	9
240	175	9	9
239	174	9	9
237	171	8	8
235	168	8	8
233	169	7	7
233	161	8	9
233.11133	156.8872	12.391106	10.3779335
232	156	7	7
232	154	8	8
231	152	8	7
230	151	7	7
230	149	8	7
230	149	8	7
230	149	7	7
229	149	8	7
229	150	8	7
229	152	7	7
228	153	8	7
227	156	8	7
227	158	8	7
228	160	7	7
228	161	6	7
225	164	7	7
224	166	7	7
224	169	8	8
222	172	8	8
223	176	7	7
221	180	8	7
221	184	8	8
220	189	9	9
220	194	9	9
219	200	9	9
219	207	8	8
218	203	8	7
218	198	8	7
218	193	8	7
218	188	8	8
217	185	8	8
217	184	8	8
216	184	8	8
215	183	8	8
212	183	8	7
209	183	8	7
206	184	8	7
202	186	9	7
198	189	10	8
195	192	9	9
191	199	8	8
188	205	8	8
186	207	9	10
182	203	8	7
181	198	8	8
178	196	8	7
177	191	8	9
175	189	9	8
172	187	8	7
170	185	9	8
169	184	8	8
168	184	8	8
166	185	8	7
167	187	7	8
166	190	8	8
163	195	8	8
163	200	8	9
161	207	8	8
160	209	8	9
158	204	8	7
157	198	8	9
156	194	8	8
155	190	8	8
154	188	9	8
153	185	9	8
152	185	8	8
153	184	8	8
153	183	9	10
153	185	9	8
153	187	9	8
154	190	8	8
155	194	10	10
156	199	8	9
152.97829	207.591	12.8591175	10.271593
158	213	9	10
159	210	10	10
158	205	9	9
158	200	9	9
156	195	11	9
159	192	10	9
159	189	8	8
160	187	9	9
162	186	8	8
163	185	9	7
163	185	10	13
167	188	8	8
169	190	9	9
170	195	9	8
171	200	9	9
173	207	8	8
175	199	8	8
175	212	9	10
175	207	8	8
174	202	8	7
174	198	9	9
174	194	9	9
176	192	8	8
176	189	9	9
177	187	9	9
180	188	7	7
181	187	8	8
182	188	8	8
183	190	8	8
184	193	8	8
185	196	9	9
186	201	10	10
188	208	9	9
181	174	8	9
188	207	9	9
188	200	9	10
187	198	9	7
188	194	8	7
188	190	9	7
189	188	9	8
191	186	9	9
192	186	8	8
192	186	8	8
192	188	9	8
193	191	7	8
192	194	9	9
192	200	8	9
192	205	9	9
191	212	8	8
190	207	9	8
190	203	8	8
189	198	8	9
189	194	8	9
189	192	8	8
188	189	8	8
189	187	8	8
188	186	9	9
188	185	8	10
189	188	8	9
189	190	8	8
188	194	10	9
189	200	8	9
187	170	8	10
186	212	8	8
185	209	9	8
182	204	11	10
182	198	11	12
180	196	9	8
180	193	9	8
180	191	8	8
180	191	10	11
180	190	11	15
179	187	13	19
180	191	14	15
183	197	11	10
183	203	11	12
186	209	8	8
185	213	11	10
186	208	9	7
187	202	8	9
187	198	8	8
187	195	10	9
188	190	13	12
187	187	12	13
189	191	12	15
188	191	13	10
190	183	12	17
193	194	9	10
193	198	10	9
194	193	9	12
195	203	9	17
195	213	8	8
195	213	10	10
193	209	9	9
190	200	11	12
192	201	9	8
192	199	9	8
192	197	9	8
193	196	8	7
192	195	8	8
190	194	9	8
189	195	9	8
188	192	10	10
187	192	10	10
186	193	10	9
187	191	10	8
189	191	8	7
191	189	8	7
193	187	7	7
196	186	6	6
192	186	8	8
199	184	9	7
202	186	9	7
207	187	9	9
211	192	8	7
213	194	9	9
217	198	6	7
219.76376	196.7013	10.395874	12.49517
223.38918	206.53458	9.020864	9.501333
226.10612	205.70818	10.6637	12.460006
229	201	7	7
230	196	8	8
231	193	8	7
233	189	8	8
234	186	8	8
236	184	8	7
237	181	8	7
238	179	8	8
240	179	8	8
242	178	8	7
243	178	8	7
244	178	8	7
246	179	8	7
247	181	8	7
248	182	8	7
249	183	8	7
250	183	8	8
250	184	8	7
250	184	9	7
251	183	9	7
251	182	8	7
252	179	8	7
252	177	9	9
259	185	10	8
234	192	5	5
252.67238	167.60513	11.841877	12.473621
254.03125	169.1588	11.222227	11.5640545
264	184	6	6
261	182	8	7
261	180	8	8
262	177	7	8
259	175	9	9
256	173	10	9
256	174	9	9
256	176	10	9
256	177	9	9
257	179	8	8
256	180	9	8
255	181	10	8
255	181	9	8
254	180	8	9
253	179	9	9
255	179	9	9
251	177	9	8
259	178	7	7
254	179	9	8
254	180	10	8
249.6359	164.06738	15.116894	22.65436
258	177	9	9
258	183	9	8
258	184	9	9
259	178	10	10
260	177	10	9
261	178	8	9
262	179	9	9
262	177	9	10
264	171	10	10
261	168	11	11
265	170	10	10
270	150	7	9
268.35416	151.86719	11.791697	10.842994
270.7011	157.44109	11.070119	11.984149
258	184	10	10
256	183	11	11
268	178	11	11
258	180	13	18
266	186	14	19
272	160	16	16
283	159	8	11
279	163	11	14
285	174	9	13
288	179	7	7
289	179	6	6
289	171	6	7
289	168	8	11
290	166	8	12
291	164	9	13
291	162	10	17
293	164	10	17
293	178	8	9
296.50992	163.08333	10.653698	23.553242
298	175	10	9
301	175	8	7
301	173	8	8
302.76233	162.7584	12.3689165	23.923433
304.06265	165.48181	12.108982	20.167826
303	175	9	11
305	178	7	9
308	176	6	10
309	177	5	9
310.5145	158.50098	19.467983	30.732018
291	180	7	9
315	178	8	9
333	181	8	9
312	170	9	10
321.478	163.82805	16.270407	27.74805
324.09842	163.12325	16.029915	29.353197
359	185	10	10
327.02786	163.59677	14.918779	35.68204
329.58377	162.51903	13.315006	30.41231
330.91913	159.49982	13.539689	35.47621
332.63956	162.8737	12.264203	24.612192
335.01218	162.3928	14.918973	22.544697
337.06378	160.80125	12.88874	26.592197
318	179	9	10
326.93802	157.21523	31.204296	45.210777
331.30566	156.55963	31.469868	55.975174
297	179	9	9
322	182	11	10
321.0958	154.07384	53.137257	63.7425
326.11514	156.2938	49.217064	63.67365
322	182	11	11
319.87546	152.37393	57.270657	68.93653
344	197	12	11
323.22525	153.29591	60.904446	70.246254
338.30563	156.18004	36.561977	63.57376
338.76373	156.555	40.09864	61.851192
260.7814	167.4967	24.885393	52.856342
366	178	15	17
263.71222	166.75247	21.962461	53.998
349	184	9	10
363	156	12	12
353	185	8	8
338	187	12	12
267.33337	168.24313	27.932781	53.29798
267.85065	168.41342	27.784464	52.359127
269.80685	168.58882	27.029049	52.143093
271.96548	169.68272	26.516634	52.877453
273.31476	170.8743	25.758402	52.44654
324	188	10	9
258.36072	171.34633	27.969065	50.784
245.62807	171.9128	25.215117	49.641167
232.08159	171.96913	26.32558	49.50721
215.02493	171.33076	26.797796	46.709076
197.5705	170.11366	23.67044	49.395405
176.60614	170.34738	26.08387	50.135693
161.16217	170.62979	24.042278	48.36382
140.57213	168.37428	25.258364	50.474697
121.96397	167.12973	26.747112	47.98445
366	153	13	9
87.82094	169.38342	24.89119	44.654938
72.313675	162.85826	34.0074	51.394447
64.679726	163.3448	21.973099	54.659668
54.05711	167.52203	21.779459	49.235092
45.720478	165.50418	20.271906	49.620674
38.568718	163.60376	21.945452	53.891727
32.27165	164.0328	21.396568	53.416737
29.418884	163.10463	22.041046	53.252556
310	175	7	8
23.282066	163.45584	23.808931	54.249924
308	187	9	10
308	193	10	10
307	200	10	11
306	208	10	7
307	199	11	11
299	181	10	8
310	189	9	9
312	182	11	10
5.540968	165.2896	21.133808	49.46567
318	176	8	8
315	176	10	11
318	169	11	11
321	169	10	11
314	161	11	11
317	164	12	12
0.034404755	161.74323	20.399101	52.430252
0.9876118	168.36653	18.337383	48.063015
0.17052269	168.80434	18.534412	44.255867
1.3327494	169.10037	18.69528	43.544834
330	176	11	12
336	176	10	9
338	177	10	10
342	177	11	11
332	201	8	10
348	182	12	12
345	196	10	11
353	202	8	9
1.0276251	166.1293	24.600496	53.880447
372	176	8	9
365	205	9	8
369	203	10	9
371	203	10	9
1.7652702	164.2424	28.149513	56.994446
3.291151	164.70854	25.489902	56.76131
1.7695675	164.36362	25.395557	56.607803
1.8874588	163.95798	24.181473	54.568798
380	168	9	9
381	168	8	9
3.5069838	165.85826	19.714579	53.7607
372	171	6	6
0.17795467	164.76065	22.68538	54.66839
0.09431553	165.05621	23.714003	54.892357
0.5686579	165.64896	23.409254	54.736073
-1.0818968	165.1474	24.417166	54.983376
379	195	8	9
379	198	8	9
-0.8311653	165.53256	19.288597	55.2048
-0.5275526	164.53305	17.518682	52.24231
375	172	10	9
368	179	6	6
380	171	9	10
382	193	8	8
369	166	9	9
1.0521545	164.79483	19.329102	55.154434
2.5744438	165.67665	19.507744	54.49123
377	197	8	10
378	197	8	9
379	198	7	8
7.3369045	164.39551	19.714481	54.86842
377	193	6	6
9.969586	163.81271	19.580053	55.21007
10.953948	163.10216	19.970339	55.308758
11.533245	163.2469	19.470833	55.89917
11.158571	162.93478	21.052517	54.948353
354	165	8	8
350	160	7	7
345	155	9	8
340	150	9	9
336	147	7	7
331	144	7	7
327	140	8	8
321	137	9	9
317	134	8	9
312	134	8	8
308	134	7	7
303	132	8	8
300	132	8	8
28.204664	162.37906	23.173878	53.855583
291	134	7	7
287	135	8	8
282	136	9	8
279	139	8	7
276	140	10	9
272	143	9	8
270	148	7	7
265	151	10	9
265	154	8	9
265	156	9	8
51.35729	160.03122	22.360003	54.145435
52.786304	160.55006	23.65432	54.204872
265	150	9	8
267	150	10	9
60.438507	161.24458	25.957792	52.922817
271	147	12	11
275	147	11	11
277	148	12	11
279	148	13	12
81.72819	160.7552	20.912271	53.71572
285	148	13	12
90.90063	159.8859	19.022417	52.708855
291	149	13	11
97.253494	159.24907	19.045677	53.589294
296	147	13	11
103.1467	158.78668	19.49783	52.857437
106.72122	159.37225	19.131126	52.961113
109.655304	159.93402	17.897406	52.525826
311	149	9	9
113.21051	160.97461	19.1829	52.29257
117.510635	159.5401	18.424107	52.95389
320	149	9	9
124.54086	159.44861	18.455776	52.47659
127.10427	159.07516	18.563185	51.781124
130.49158	158.77257	18.962482	52.611996
130.24895	158.79779	20.794216	53.396305
328	167	8	10
133.39307	160.22818	21.73385	50.15544
135.60634	158.95564	23.310465	51.142887
136.82597	159.46469	24.521776	51.47773
365	190	10	9
144.19931	160.56097	22.173414	42.72637
147.1952	159.63864	22.029703	44.810055
149.4104	159.92418	21.99999	45.43673
362	172	10	11
155.69714	166.43457	19.289656	28.883146
360	174	11	11
370	160	8	10
364	150	11	11
366	148	10	9
368	150	10	9
370	150	10	9
371	149	9	9
372	149	11	10
373	149	12	10
375	150	10	9
376	149	10	10
244.79106	189.41597	12.865678	16.410414
246.65381	187.97508	15.127723	16.541601
340	146	10	10
342	148	7	9
343	148	8	9
345	148	9	9
346	148	8	10
347	148	9	9
348	148	9	9
288.1899	157.57117	7.625186	7.596422
288.0471	158.01363	7.5049195	7.24021
289.51767	158.79399	7.4433217	7.8733144
289.20767	160.11125	7.4573994	7.556932
290	161	7	7
288.0895	162.55827	10.987888	7.785006
290	164	8	7
292	166	7	7
293	168	9	9
295	168	7	8
297	171	8	8
298	169	8	9
301	171	9	9
304	171	8	9
308	171	8	8
311	170	8	9
313	169	8	8
316	168	8	8
318	168	8	8
322	167	8	7
327	167	6	7
328	167	8	8
329	168	7	7
331	169	7	7
332	169	7	7
332	170	7	7
332	169	7	7
332	168	8	7
331	167	9	9
329	164	10	11
328	163	10	10
326	161	9	8
323	158	10	9
321	154	10	12
316	149	10	14
311	149	12	16
308	148	12	19
304	149	12	19
299	149	12	18
294	149	14	21
290	149	13	19
305	171	11	10
274	157	10	10
268	157	10	9
288	170	11	11
281	165	10	10
275	171	11	11
269	170	13	12
266	170	11	14
242	151	12	16
254	170	12	12
248	171	10	10
243	169	11	11
227.67131	136.2958	10.0568285	8.187796
236	149	10	11
222.6161	128.19502	8.766458	9.473371
233	160	13	15
237	165	9	10
214.05798	122.10234	7.595067	7.328612
210.96281	120.06408	7.524293	7.93225
209.08554	118.96161	7.9858894	8.299206
206.07855	118.10283	7.708113	7.7638245
203	117	8	10
199	116	8	13
194	116	9	15
191	120	9	11
188	118	9	17
184	120	10	16
179	124	10	13
177	128	8	8
173	132	7	8
171	135	8	8
167	138	8	8
164	141	8	8
162	144	8	9
161	148	8	8
160	151	8	8
159	155	9	8
159	159	8	9
158	162	8	8
157	166	7	8
156	168	8	8
154	167	8	8
151	164	8	9
149	160	8	9
140.65067	156.36368	13.778129	16.002249
132.6966	151.02414	24.815964	32.996384
136	150	10	13
133	146	7	9
131	142	8	9
129	138	8	8
127	133	8	9
128	116	8	9
124	116	8	9
120	116	8	8
115	116	7	9
109	116	8	8
105	116	8	8
101	116	8	8
97	116	8	8
93	116	8	9
89	115	8	8
86	115	7	8
83	115	7	9
80	115	8	8
78	115	8	10
75	115	8	9
72	115	7	9
68	115	7	9
66	115	8	8
64	115	8	9
62	115	7	9
62	116	8	9
62	115	7	9
62	115	7	9
64	115	7	9
65	115	7	9
66	116	7	9
67	115	7	9
68	116	7	9
68	116	7	9
69	117	7	9
69	117	8	9
69	117	8	9
68	118	8	8
70	119	8	7
70	119	7	7
69	118	7	8
69	118	8	8
70	119	8	7
70	119	8	7
71	121	7	6
71	120	7	7
71	120	8	7
71	121	7	5
71	121	8	6
71	122	8	5
71	121	7	5
71	121	7	6
70	121	8	6
71	121	7	6
71	122	7	6
71	121	7	7
71	121	7	6
71	121	7	6
71	121	7	7
71	120	7	7
71	121	7	6
71	122	7	6
70	122	7	5
70	120	8	7
70	121	8	7
70	119	8	8
70	119	8	9
69	119	8	9
70	119	8	10
70	120	7	7
70	121	7	7
70	121	7	7
70	121	8	7
70	121	8	7
70	121	8	6
71	123	8	5
70	119	8	9
71	119	8	9
72	120	8	8
74	120	8	8
76	121	8	6
80	122	8	6
84	123	7	5
88	123	8	6
91	121	8	8
95	120	8	7
98	122	8	6
101	121	8	7
102	122	8	7
103	120	8	8
105	120	7	9
106	123	7	6
107	119	7	9
107	122	8	7
108	122	8	6
109	122	7	7
109	121	7	7
109	122	7	7
109	119	7	9
109	118	7	9
109	119	7	10
108	118	7	10
109	118	7	10
109	119	7	9
109	119	7	10
108	118	8	10
109	118	7	10
109	119	7	10
108	118	7	9
109	119	6	9
109	119	6	10
109	118	6	10
109	118	6	10
108	119	7	9
108	119	7	9
108	119	7	10
108	120	7	9
107	119	6	10
108	119	6	10
108	120	6	9
107	119	6	10
108	119	6	9
108	120	6	9
108	120	6	10
108	120	6	10
108	119	6	10
108	119	6	10
108	119	6	11
108	120	5	9
108	120	5	10
108	120	5	9
108	119	5	10
108	120	6	10
108	121	5	10
108	120	5	10
107	121	6	9
108	120	5	10
108	121	6	9
107	121	6	9
108	120	5	9
107.950836	121.70937	9.170921	10.918258
107	119	6	10
108	120	6	11
107	120	6	11
107	121	6	9
108	120	6	10
108	120	6	9
108	121	6	9
108	120	6	10
108	121	7	10
108	121	6	10
110	123	6	8
110	126	7	10
111	128	6	9
109	121	7	10
110	125	5	7
111	125	5	5
111	125	5	6
111	121	6	10
110	121	6	11
111	123	5	7
111	123	5	7
112	125	5	5
112	126	5	5
112	125	5	5
112	125	4	5
113	125	4	5
112	125	5	5
113	125	5	5
113	125	5	4
113	125	5	5
113	125	5	4
113	125	5	4
113	126	5	4
114	125	5	4
114	125	5	5
113	125	5	5
114	125	5	4
114	125	5	4
113	125	5	5
114	125	5	5
114	125	5	5
114	125	5	5
115	125	5	5
115	125	5	5
115	125	5	5
115	125	5	6
116	125	5	6
116	125	4	5
116	125	5	5
116	125	5	5
116	126	5	6
116	125	5	6
116	125	5	6
117	125	5	6
117	125	5	6
117	125	5	5
116	126	6	6
117	126	5	5
117	125	5	6
117	126	5	4
118	127	6	5
117.02908	125.99605	10.422191	7.731835
117.49339	124.952995	13.110718	11.679545
111.5732	110.71798	38.733032	29.625414
121.97391	68.664276	63.02893	79.49075
153.61633	118.61412	48.80765	72.662895
124.42653	105.12059	96.8638	87.13584
117	179	6	6
137.35469	120.62101	60.889645	80.16899
155.29967	117.94035	44.762207	70.90521
124.13478	159.3525	42.931667	51.842857
128.32257	160.7207	31.726631	50.183643
127.97537	159.62689	34.828915	51.660477
118	177	9	11
106.88332	160.22672	39.034836	53.472717
133	178	6	12
118.494026	159.8861	38.071423	53.179626
108.876434	161.38939	39.025455	51.586147
58.01818	156.698	31.202868	55.24872
58.196083	162.9599	30.697773	48.842884
58.164303	159.77089	31.810768	53.16128
60.341663	160.42363	31.56106	52.47051
85	170	8	9
87	172	7	8
87	173	8	8
85	173	10	9
72.141014	163.52693	22.51879	48.932533
73.73766	164.54436	21.321915	47.881218
73.87844	166.39548	20.847012	44.869926
87	181	8	8
86	181	9	9
74.47391	160.36307	19.172457	50.98721
70.74267	169.34346	24.395578	43.219856
74.10056	160.542	23.659899	52.46038
76.15915	163.00954	20.670237	50.579487
77.20662	167.26318	18.854832	43.97258
78.89563	164.76581	17.316746	46.90974
123	164	8	7
123	168	9	7
123	171	8	8
123	174	8	8
82.564804	165.87012	21.971685	43.53329
83.15738	167.23355	23.75116	44.33368
81.655266	166.37015	26.082672	46.530872
84.18017	164.98897	25.056658	47.398342
86.89172	167.12144	22.583557	44.256145
87.979	167.40277	21.08851	43.075615
89.53432	169.99376	20.876127	41.000206
91.1601	166.60014	20.768124	42.99582
90.22035	165.99915	20.23602	47.532578
93.322235	166.3561	18.356613	36.865566
127	171	6	6
95.539406	166.699	19.73183	14.012762
96.4921	158.79402	30.000727	27.693459
134	160	9	9
99.37989	162.38554	18.32719	17.6976
99.504395	167.08333	14.506986	24.223186
101.00728	169.32123	12.357051	20.668707
103	178	12	11
104	181	10	9
105	180	10	8
103	176	13	14
106	183	9	7
108	180	10	9
108	181	9	9
108	173	10	12
107	167	14	17
106	164	19	26
104	165	20	45
102	164	23	48
107	166	19	48
108	166	19	48
109	166	18	47
109	167	19	47
110	167	17	46
111	165	17	49
111	166	18	48
112	164	18	45
110	165	20	49
113	165	17	49
114	165	18	48
114	166	19	47
112	166	21	47
114	166	21	48
115	165	22	49
113	166	25	48
112	167	29	47
108	165	33	49
112	166	29	50
103	165	42	53
100	165	40	51
120	166	27	50
122	167	25	48
129	168	18	48
131	169	17	35
131	171	15	32
132	172	13	29
135	172	12	25
131	175	15	26
134	175	13	18
136	172	11	16
136	173	11	17
138	173	9	18
139	173	8	13
141	174	6	12
141	175	6	12
143	174	5	9
143	174	5	8
143	174	6	9
142	174	7	11
144	174	8	13
144	180	8	11
141.72064	172.51463	12.032287	15.306492
142	172	9	11
142	172	10	13
139	172	13	16
140	168	12	21
140	170	13	25
138	169	14	35
138	169	14	35
137	169	16	37
136	168	15	45
135	167	17	49
135	168	17	46
133	168	18	47
130	167	24	49
130	168	22	50
127	168	26	47
128	168	23	50
128	167	23	50
129	171	21	42
129	170	18	36
128	168	16	50
128	167	15	48
126	170	17	46
124	169	18	48
124	170	18	41
123	168	18	43
124	169	17	44
124	171	17	40
123	169	17	44
123	170	18	47
123	169	18	44
124	170	18	45
124	172	18	44
126	171	17	42
129	170	17	44
131	168	18	47
132	166	19	51
134	166	20	51
133	166	23	51
133	165	28	52
136	166	28	52
138	166	30	53
142	167	31	53
114.00712	169.97974	21.32636	37.74049
104.9031	165.86073	35.732407	52.92057
111	165	35	57
117	165	31	55
119	165	31	57
124	168	27	54
123	165	33	55
127	168	32	54
127	166	35	56
128	166	36	56
129	174	23	44
133	167	21	47
136	171	16	44
137	170	18	37
130.67175	174.75803	27.64623	34.48471
137	167	25	48
136	166	28	54
142	167	26	44
147	170	17	37
145	170	22	33
148	172	20	34
146	170	23	50
148	172	20	48
148	171	19	48
148	171	22	48
122.032074	205.12343	10.637444	11.613322
125.763695	212.56197	9.780714	9.849348
127.35415	219.94426	9.586498	9.08108
129.57037	218.83704	9.544351	8.896874
202	190	20	25
133.74745	209.0681	9.236638	8.964618
134.95583	204.73584	9.260876	9.161935
135.70084	201.70667	9.336732	8.837652
137.16692	199.99112	9.112064	8.414028
136.53864	197.47156	9.3623085	9.182772
136.80006	197.10722	9.269745	8.518788
136.91759	197.28618	9.511046	8.925375
137.20354	199.74323	9.453411	8.59274
