237.0	114.0	37.0	38.0
237	115	36	37
237	116	37	36
235	116	38	34
237	117	37	36
237	117	37	35
237	117	37	35
237	118	38	34
237	117	37	35
237	117	36	34
236	117	37	34
236	118	37	34
235	119	36	32
235	119	36	34
235	120	38	34
233	122	41	31
232	123	41	31
231	123	36	31
232	122	42	32
231	123	41	32
230	124	32	31
230	121	43	34
229	125	30	30
228	126	31	31
229	127	28	29
229.04036	116.5213	47.762245	40.981937
228.09723	117.01627	47.777916	41.104416
228.18372	115.2944	48.057663	42.260002
228.52905	115.0186	47.94429	42.90414
228.62003	114.32126	47.359016	43.04382
228.61578	113.31824	47.034107	42.84079
228.04623	112.344055	46.397335	43.748222
228.78278	111.9794	48.04035	44.87464
228.96223	110.92468	47.731956	45.7118
228.38068	110.4361	48.173393	45.593025
228.41069	110.53447	48.867577	47.586937
228.51714	110.778305	47.004356	46.953583
227.92404	110.074005	48.391968	46.82537
228.62614	109.80194	47.065456	46.74036
230	107	41	49
230	109	45	47
230	108	45	47
230	110	43	46
232	110	44	46
232	111	42	46
231	111	41	47
231	106	40	49
231	107	39	47
231	107	40	48
232	108	38	46
231	107	39	47
231	105	40	48
231	105	38	46
234	107	36	45
231	106	40	47
232	106	38	46
231	105	40	47
231	104	39	47
230	103	40	48
230	102	42	50
230	104	40	48
230	107	39	44
229	106	42	47
234	113	53	51
230	106	43	46
230	103	44	48
228	105	43	43
229	106	46	44
229	105	43	38
230	104	43	35
230	103	45	38
229	102	45	37
229	100	47	39
230	98	46	39
231	98	46	40
231	98	44	34
233	97	42	35
232	97	44	35
233	96	42	33
232	95	44	30
232	91	43	34
232	88	43	37
232	88	43	35
232	86	44	37
233	87	43	39
231	89	45	36
230	87	45	37
230	87	46	38
219	84	27	36
231.92505	88.388794	44.090836	31.716986
232.0976	87.52527	46.23903	35.266594
233.04718	87.27801	44.44612	38.585526
233.3057	84.00649	44.124233	39.018677
233.68433	80.56231	44.849625	42.451687
235.32364	77.58135	45.45222	45.77699
236.83046	74.41548	45.677944	47.096382
237.05261	74.38574	45.455444	46.906826
237.42053	75.37342	45.671032	47.113644
237.86583	76.323425	44.401215	47.45059
238.99431	77.722755	42.29227	46.064854
241	80	38	45
241	83	37	44
242	85	36	44
242	87	35	41
243	89	35	44
242	90	35	44
243	91	35	43
243	92	35	42
241	92	35	42
242	92	35	42
240	92	36	42
241	92	35	41
240	92	35	42
240	92	35	39
240	91	34	41
240	91	34	42
241	91	35	41
241	91	34	42
241	91	34	41
242	91	35	41
242	92	34	41
242	91	35	41
242	93	34	40
242	93	35	42
242	94	35	41
241	94	34	41
240	95	35	41
239	96	34	40
238	97	35	40
239	96	34	41
237	96	35	41
235	97	36	41
236	96	34	42
232	97	36	41
232	96	36	41
230	96	36	42
231	95	36	43
231	95	35	42
230	95	35	42
228	95	36	41
227	94	35	43
227	94	35	43
227	94	34	42
226	94	34	43
225	94	35	44
224	94	36	44
224	95	36	43
224	95	35	44
224	95	35	44
224	95	35	43
222	95	37	45
224	95	35	44
224	95	35	43
222	95	36	43
224	95	34	43
223	95	37	44
224	95	35	44
224	95	35	43
224	95	36	43
225	95	35	43
226	95	34	44
226	95	34	43
227	95	35	44
228	95	35	43
229	95	35	42
230	95	35	42
231	95	35	42
233	95	34	42
233	96	34	42
234	97	34	41
235	97	34	42
234	99	34	40
235	99	34	40
236	97	34	44
236	97	36	45
237	98	34	46
238	99	35	47
238	100	36	47
238	101	36	46
239	101	35	46
239	102	35	45
239	104	34	43
239	106	38	41
239	106	36	39
240	108	38	39
240	107	36	36
241	106	35	36
241	104	35	36
241	102	35	35
241	100	36	37
241	97	36	36
241	94	36	35
241	90	36	36
241	86	36	35
242	83	36	34
242	79	36	34
242	77	35	35
242	73	35	36
242	71	35	34
243	68	34	34
243	65	35	34
243	62	35	35
243	60	35	35
243	58	35	35
243	57	35	33
244	55	34	34
243	54	36	35
243	54	36	34
243	54	36	34
243	54	35	34
243	54	35	34
242	55	35	33
242	57	34	34
241	58	35	34
241	60	35	34
240	61	35	35
239	64	35	36
239	67	35	36
238	70	35	36
238	72	35	36
237	74	35	37
236	75	35	37
236	78	35	37
235	79	35	38
235	81	35	38
234	82	35	39
233	83	36	40
233	83	35	43
232	83	35	45
231	83	34	47
229	85	34	46
230	87	34	45
229	91	34	45
228	94	33	44
228	97	33	43
227	103	34	41
226	105	34	43
225	110	35	41
225	113	33	41
224	116	33	40
223	118	33	40
222	119	34	41
222	121	33	40
222	121	33	40
221	122	33	40
221	122	33	40
220	123	33	39
221	123	32	40
220	124	33	39
220	124	33	39
221	123	32	40
222	123	33	39
223	123	33	40
224	123	33	39
226	122	34	40
228	122	34	40
231	122	33	40
234	122	33	40
237	123	33	39
239	123	34	40
243	124	34	38
247	123	33	40
251	123	32	40
254	123	34	39
259	123	32	40
261	124	33	39
265	125	32	38
267	125	32	39
268	126	34	39
271	126	33	39
272	126	33	39
273	126	33	38
273	125	34	41
273	125	35	40
273	125	35	42
273	125	36	42
273	125	39	42
271	126	38	43
270	126	37	45
268	126	45	46
267	130	47	43
262	132	51	46
268	137	44	40
266	138	46	42
267	143	43	38
266	143	43	39
266	147	43	34
265	152	45	36
265	158	26	33
265	169	15	31
268.43082	158.89235	46.63139	44.579967
268.13416	163.36975	44.753613	45.35451
266.8432	164.86604	58.41562	47.070194
263.776	155.52434	83.05362	56.125282
265.48404	171.02916	44.274498	43.277496
264.01865	163.9815	58.921024	51.395252
265.409	166.4837	46.864483	42.724785
262.7828	168.67377	51.364895	44.56751
262.7306	165.92961	60.200287	46.522907
263.1006	166.78046	53.36403	44.16192
263.66324	167.45834	46.99729	41.000237
284.65094	159.63864	43.16087	33.91687
286.79114	166.74452	25.695843	27.825863
287	167	22	24
289	162	21	29
287	165	18	27
288	158	24	32
256.3899	165.60129	46.30814	35.682987
255.46869	165.36098	44.259758	33.44815
258.2837	164.02512	41.9793	31.855162
257.45544	164.12119	43.934628	31.101866
256.6209	160.54955	46.056545	30.83981
256.82376	155.96909	49.40605	33.573013
260.0526	149.06314	46.61631	41.244507
264.6847	144.83398	43.57452	42.42137
264.95306	142.03394	43.05191	45.758568
265.21597	143.00638	38.936085	40.469193
264.58997	147.02084	44.554207	41.88879
263.79562	146.15866	43.30483	44.84198
263.5654	146.306	43.70638	44.896896
263.80078	145.53104	43.066254	45.817142
264.52298	145.61649	41.463337	45.01445
265.77695	143.93256	38.091793	45.347023
267	144	35	42
269	142	34	40
269	141	34	39
273	138	33	39
273	137	33	39
270	135	33	39
268	136	32	38
269	136	32	39
269	136	34	39
268	138	33	39
267	140	35	40
268	142	33	38
267	144	34	40
265	145	37	41
265	148	34	40
264	150	39	41
262	152	38	42
262	156	35	42
261	160	35	41
261	163	35	41
261	165	35	42
262	169	37	42
262	171	37	42
265	172	35	45
266	174	35	46
268	176	35	46
267	177	36	47
265	179	37	46
264	180	39	45
264	182	38	44
264	183	39	44
262	184	39	45
263	186	40	47
265	188	40	47
266	189	40	46
267	189	40	46
267	189	41	45
266	188	42	45
267	189	44	46
265	190	45	46
267	191	47	46
270	192	45	47
269	193	49	48
271	194	49	44
270	195	46	42
268	194	47	45
268	193	48	49
270	194	46	46
270	195	45	46
270	196	45	46
273	195	39	47
273	197	36	47
275	199	35	46
273	200	37	48
273	202	36	47
272	204	36	47
272	205	35	49
272	207	35	47
273	209	34	46
273	208	34	48
273	209	34	48
272	210	33	46
272	211	33	46
272	214	34	43
271	215	34	43
271	213	33	46
270	217	32	41
270	211	34	48
270	211	34	48
269	217	33	42
270	213	33	47
270	217	31	38
272	218	32	44
272	219	32	45
271	220	32	42
270	222	33	43
270	224	32	43
271	228	35	43
271	229	39	40
273	234	36	38
274	235	35	37
276	238	33	34
277	241	32	31
277	244	33	28
276	246	35	26
277	249	34	23
278	251	35	21
279	254	34	18
277	253	40	19
274	252	47	20
284.09067	262.96698	33.098934	7.79447
269	235	50	37
265	241	43	34
199.32774	181.24051	117.68661	96.57266
235.68678	90.27949	203.40433	176.41136
400.31042	53.803314	109.995575	220.1944
272	217	43	51
290	206	40	49
279	203	37	44
272	217	44	44
294	234	36	36
299.62897	106.30067	190.06584	176.13878
358.6347	57.28826	135.58035	226.83522
389.30768	56.20073	114.9463	222.11533
343.90958	143.43654	120.4416	122.887665
265	242	31	30
258	229	32	41
252	206	34	45
249	180	36	44
359.4561	160.32129	88.004234	62.43702
340.72076	123.603485	100.66929	90.13065
244.11111	81.50255	36.25739	53.263428
247.9091	57.685852	34.49796	50.84877
244.33034	38.627396	41.3276	49.179974
