455.0	158.0	9.0	23.0
452	158	9	21
453	158	8	22
451	158	9	23
448	159	10	21
449	158	8	24
448	157	8	25
447	159	7	22
443	154	9	29
443	158	9	25
442	158	8	25
440	156	9	27
438	158	9	20
438	159	7	23
437	159	8	23
435	160	8	20
433	159	9	19
431	159	9	20
430	159	9	20
428	159	10	20
427	159	9	20
426	158	9	21
424	160	9	21
424	160	8	21
422	159	9	22
421	159	9	22
419	158	9	21
417	159	10	21
416	158	10	21
415	158	10	22
414	159	8	21
413	160	8	21
411	160	8	21
409	160	9	20
408	160	9	20
406	159	10	21
405	160	10	22
403	159	10	22
403	159	9	21
401	160	9	23
399	160	9	22
399	160	9	22
398	160	9	22
397	157	9	25
394	159	8	21
394	157	9	26
391	159	10	21
390	160	9	22
390	158	8	26
389	161	9	23
386	161	8	21
385	160	9	22
383	160	10	23
382	159	9	23
380	160	11	22
378	158	10	24
377	159	10	24
382	160	8	24
376	157	9	29
376	157	10	27
378	159	9	24
374	156	11	27
369	155	10	29
368	157	10	27
365	158	10	24
365	159	9	26
364	162	9	22
362	160	9	25
360	161	8	22
358	160	10	23
360	162	12	22
354	160	9	23
353	161	9	22
352	161	10	22
352	160	10	25
350	162	8	22
348	162	9	22
347	160	10	23
345	160	9	24
343	160	9	21
341	160	9	24
340	162	9	21
338	161	9	22
337	161	9	22
329	157	8	23
335	162	9	23
332	161	9	22
331	160	9	23
329	160	9	23
327	159	10	24
326	160	10	24
325	161	9	22
322	161	9	23
318	158	11	25
319	159	12	26
317	160	10	23
316	160	10	21
314	160	10	23
313	159	10	24
312	160	9	24
311	160	9	24
319	157	10	26
309	159	11	28
308	159	12	29
304	162	9	23
303	161	10	22
303	158	15	31
302	157	15	32
298	161	10	24
297	162	11	26
295	161	10	27
294	162	11	24
291	161	11	27
290	157	13	33
290	158	12	30
287	162	9	23
288	162	13	25
283	160	9	25
281	161	9	24
281	162	8	24
279	162	8	24
278	164	10	23
275	161	11	24
273	161	10	24
272	161	10	24
274	161	12	27
269	162	9	24
268	162	10	23
266.02838	163.72493	15.745735	23.492893
264.48077	163.0505	15.617071	24.366344
302	158	12	27
258	162	17	24
257	161	14	24
252	161	16	25
251	164	18	22
250	163	18	23
250	162	21	25
250	161	18	25
248	160	17	26
245	155	19	30
247	160	18	26
253	160	14	25
254	159	14	25
244	156	17	29
244	157	15	28
245	160	11	24
244	160	10	22
242	155	13	27
232.35031	150.1091	25.343433	32.042732
252	164	8	21
240.51723	158.29887	12.475166	25.448835
216	170	10	27
217	168	11	29
213.10594	165.97708	19.560488	31.900524
218	166	14	30
201	197	18	52
220	166	14	30
204	197	19	53
205	197	19	53
207	198	19	49
208	195	19	53
209	194	20	53
225.47252	160.64822	12.347311	29.146845
173	200	16	54
172	199	17	56
172	199	17	56
172	199	16	56
173	199	15	54
172	197	17	56
172	197	16	56
171	198	17	57
168	200	19	56
169	200	18	55
170	201	17	53
168	201	18	55
167	200	20	56
168	201	18	55
171	201	17	54
167	201	21	55
170	203	19	51
168	203	20	53
167	204	20	52
166	205	22	51
167	206	19	50
164	206	22	50
162	203	20	53
163	204	17	52
162	206	15	46
136	203	16	45
136	204	15	43
179.65137	166.61502	10.674968	22.68823
138	207	16	47
139	208	16	46
142	208	16	47
108	206	20	48
115	205	17	49
118	205	17	46
186.70949	163.99533	12.284647	25.052122
190.68945	164.34999	10.937798	24.96455
194.8937	165.36963	10.173996	23.113335
108	201	17	54
114	203	17	49
204.9261	163.43098	10.668661	24.060394
84	212	20	44
72	214	22	42
61	209	15	46
67	209	14	47
72	210	14	45
77	210	15	46
191.63055	165.45474	13.450915	20.475206
85	211	15	45
196.97443	163.82735	15.242651	22.340498
94	211	14	45
97	212	15	44
228.2454	167.10161	10.813379	25.358637
230.09381	166.81755	10.176093	25.200083
110	212	18	44
234.61	166.96994	9.512915	24.37676
235.83946	165.6403	10.623867	24.650167
144	214	18	42
149	213	20	43
152	214	16	41
154	212	21	44
242.64993	164.77438	11.572874	25.411066
246.59346	164.96278	10.480178	25.040743
249.30618	162.45506	10.767155	26.108185
250.58578	162.18413	11.494824	25.547176
244	201	18	54
267	198	18	51
269	198	19	49
257	202	15	45
257.91907	161.15015	10.725595	25.497658
258.2357	160.96587	9.853465	24.616177
258.05585	159.11226	9.7729225	25.73794
257.39084	157.53624	10.093164	26.016296
256.22516	156.43063	10.568705	24.227222
368	195	21	49
371	192	19	49
374	192	18	47
402	190	18	47
403	190	18	46
251.8535	150.4807	10.048616	26.468365
250.45296	149.41791	10.910647	26.683182
249.25436	148.6218	10.786715	24.107208
248.40707	146.9224	11.517741	26.176807
247.62665	144.93509	12.4689455	27.420877
247.81937	145.50104	12.11944	26.287962
444	147	21	34
448	146	15	32
451	145	15	32
452	145	14	31
455	144	13	31
456	145	14	32
458	144	12	31
459	144	12	29
459	144	12	30
459	144	13	31
458	146	13	31
460	148	12	29
460	148	11	30
460	150	11	30
227.65512	148.79253	10.24942	26.38018
459	150	12	30
222.82214	149.12329	11.342464	25.084406
221.24796	150.34674	13.040753	25.67428
219.42006	151.47191	11.093565	25.628439
446	123	13	29
217.00578	152.26117	9.389174	24.820583
214.71756	151.60223	10.406359	27.384214
213.21814	151.3889	10.571843	27.677254
209.04562	153.44063	10.235652	23.653828
208.02562	152.62003	11.543317	27.22131
205.6977	151.69524	10.988621	27.20677
203.48456	152.71121	10.793869	26.688158
203.06396	153.75912	10.554309	25.687756
201.38814	153.18878	10.7221985	29.136671
200.08102	154.88132	10.134689	26.900984
372	187	14	52
370	186	14	54
367	187	15	53
366	187	16	52
363	186	19	54
362	186	20	55
360	186	22	55
363	187	19	53
362	185	20	54
361	185	19	54
362	184	18	57
363	185	17	55
363	181	17	61
365	182	17	55
366	181	16	52
370	179	16	55
368	174	21	56
377	171	17	55
193.3478	134.15909	10.501133	27.253935
195.05165	128.23087	9.642849	28.190468
195.81917	122.28134	10.201388	28.449121
341	147	16	57
321	155	21	52
325	150	18	50
326	145	19	53
328	141	18	54
302	140	17	57
303	140	17	58
303	140	19	59
303	142	18	59
302	144	19	58
302	145	19	59
303	145	19	60
303	145	19	60
303	144	20	62
303	147	19	59
303	147	20	61
303	153	18	56
303	152	18	57
303	153	17	57
303	155	17	56
303	154	17	57
303	153	17	59
303	154	18	59
302	154	19	57
301	153	20	58
301	153	19	58
300	154	20	58
299	154	20	58
300	158	18	57
298	156	20	57
297	155	19	59
298	160	20	56
296	158	19	58
296	158	18	58
295	159	18	57
294	159	18	57
295	162	15	54
295	161	14	55
281	170	19	60
283	179	17	55
283	176	18	60
284	177	18	58
281	164	23	75
282	164	23	75
282	163	23	76
282	167	24	72
284	177	22	58
285	183	21	50
284	176	24	60
111.24779	131.78812	11.66256	27.294628
109.418785	131.82178	12.561727	27.78319
286	182	21	50
256	179	21	59
286	184	22	55
287	176	22	64
287	176	23	64
288	176	23	64
289	177	22	62
290	179	23	60
290	178	23	64
291	180	22	60
291	180	23	61
291	180	23	61
292	182	22	58
293	183	21	57
294	184	19	56
295	184	19	56
295	182	19	59
296	184	18	57
296	182	19	58
296	178	19	61
298	183	18	56
297	177	21	62
299	175	21	66
302	176	21	61
305	177	20	61
310	175	21	59
317	176	21	56
325	169	23	61
334	166	22	62
344	166	22	63
330	167	24	62
339	168	24	60
347	164	26	64
357	165	25	64
368	170	23	49
376	166	25	58
385	164	27	61
397	164	24	60
405	163	26	62
415	161	24	68
423	164	25	61
433	163	25	63
440	167	23	61
446	165	24	63
453	164	21	65
455	164	22	65
460	168	20	59
464	163	22	66
470	163	23	66
477	163	25	66
485	165	23	64
494	165	18	67
503	172	9	56
249.8182	125.18932	14.134232	30.437054
258.10147	127.46894	14.422539	29.48945
267.9547	127.591446	15.308563	28.849796
277.71255	127.27832	14.760681	29.681849
286.98254	124.96333	17.876657	31.276482
300.19177	123.805115	17.381039	32.8396
502	163	10	42
323.3828	124.3245	15.211542	31.60719
333.3065	124.50162	16.126938	33.203064
343.19662	125.02419	16.010912	33.501568
351.7925	126.81228	14.694328	30.81447
358.93774	127.42056	12.903401	30.575043
497	209	15	47
367.4565	129.19536	13.212816	30.054142
367.59723	129.02913	13.1906395	30.241016
366.4083	129.18008	12.936515	29.64477
363.79587	130.7537	12.992978	28.305765
504	216	8	38
503	215	9	41
504	216	8	40
356.0133	135.84001	11.5647	29.477207
503	217	9	38
503	215	9	41
350.45215	135.28107	13.518232	30.690653
503	217	9	37
347.1049	136.29546	13.923818	30.912151
346.16797	136.1258	12.90349	31.301521
502	220	10	36
342.6835	138.48898	12.929739	30.252
502	221	10	35
502	222	10	34
337.7959	137.94313	13.108053	31.839653
503	221	9	35
503	223	9	33
332.9043	138.9029	13.722335	31.350346
503	222	9	34
503	223	9	33
503	225	9	31
503	222	9	34
503	222	9	34
503	225	9	31
504	225	8	31
503	224	9	32
503	226	9	30
503	226	9	30
503	226	9	30
314.7146	145.04721	12.927344	29.997446
503	227	9	29
503	226	9	30
503	227	9	29
502	229	10	27
502	227	10	29
503	228	9	28
304.5466	147.08168	13.711308	31.719837
503	228	9	28
503	229	9	27
503	229	9	27
503	229	9	27
504	230	8	26
504	230	8	26
504	230	8	26
504	230	8	26
502	231	10	25
503	231	9	25
503	231	9	25
502	231	10	25
503	231	9	25
502	232	10	24
503	232	9	24
503	233	9	23
502	232	10	24
503	232	9	24
505	233	7	23
503	233	9	23
502	233	10	23
503	233	9	23
502	233	10	23
503	233	9	23
503	233	9	23
502	233	10	23
504	234	8	22
504	234	8	22
503	235	9	21
504	234	8	22
503	233	9	23
503	234	9	22
503	235	9	21
504	236	8	20
501	235	11	21
503	236	9	20
503	235	9	21
503	236	9	20
503	237	9	19
503	239	9	17
502	236	10	20
503	236	9	20
503	236	9	20
504	237	8	19
504	238	8	18
504	236	8	20
502	237	10	19
504	237	8	19
504	239	8	17
238.4014	159.59793	19.296827	40.070984
237.76135	160.5553	19.423784	39.225822
504	240	8	16
503	238	9	18
503	239	9	17
504	239	8	17
504	240	8	16
232.06824	162.2502	15.893471	40.202747
502	239	10	17
503	240	9	16
502	239	10	17
502	239	10	17
504	239	8	17
504	239	8	17
502	239	10	17
504	239	8	17
503	239	9	17
503	240	9	16
504	240	8	16
503	240	9	16
504	239	8	17
215.97324	166.11368	14.072959	34.958733
503	239	9	17
505	240	7	16
503	239	9	17
224.35358	167.44402	14.104719	38.463436
504	240	8	16
504	241	8	15
208.6887	165.36093	14.16939	37.72447
207.50145	166.18936	13.45301	35.599255
502	240	8	16
205.27652	166.459	14.290868	35.98132
502	240	10	16
502	240	9	16
202.07182	164.28221	14.46621	37.37963
200.91571	164.94336	14.585075	37.32916
200.00804	164.91083	14.284618	38.032703
198.88002	165.55301	14.537336	37.72457
198.42624	166.26523	14.642439	36.4778
197.07736	165.81447	14.922896	36.27752
196.71455	166.79227	14.225359	36.337574
195.49486	166.00427	14.001869	36.619194
194.76752	165.31212	13.996433	37.5264
193.20088	164.4291	14.621167	37.61925
191.41597	164.9841	14.293262	37.841965
191.17445	165.1134	14.269144	38.05977
384	148	11	28
383	148	11	27
381	148	12	27
186.55644	165.5314	14.799269	36.217827
185.44455	164.39157	15.195856	37.753174
184.80797	164.0256	14.983989	38.637306
183.80829	162.90881	14.666065	38.128487
331	61	14	53
182.2602	159.08148	14.433971	38.50382
180.98615	156.29784	15.152349	38.83376
178.07005	152.38766	15.810283	37.818096
177.00264	147.41272	15.633313	38.040077
173.37512	141.7174	15.984121	39.132393
170.4963	135.35835	16.152824	39.585777
166.71681	128.6686	15.515655	40.22544
162.76909	122.61009	15.865832	40.374474
157.69206	114.86757	16.04342	41.50674
314	17	18	38
144.96487	100.93413	17.278503	39.695797
137.4677	94.37162	17.712706	39.453873
131.38884	87.231735	17.22618	39.02518
125.81621	82.0778	17.183071	40.303696
121.21718	79.80773	16.730137	39.76015
344	6	12	41
338	0	16	44
334	0	15	40
330	0	13	39
96.59427	68.59289	16.76995	39.34905
92.88247	67.44307	16.669773	38.596794
88.344795	66.59112	16.332533	39.299435
316	0	13	32
82.12628	65.578064	15.551521	39.40887
80.10208	65.26697	15.499275	40.06904
78.583115	64.75499	15.173256	40.470726
77.193985	65.87509	14.796235	40.722187
75.698906	66.766136	15.196826	40.223614
285	45	14	27
288	47	13	25
289	47	11	25
71.59734	66.51628	16.08215	40.52035
285	47	14	26
283	48	13	24
286	47	14	26
70.296684	67.23369	15.846135	41.37223
69.617325	68.05267	15.979828	41.354866
69.62306	69.114044	16.040575	40.246952
289	46	12	27
68.48894	69.22971	16.763405	40.751907
286	46	14	26
277	46	11	27
285	46	15	27
284	46	15	26
285	46	15	26
290	46	10	27
289	45	11	28
288	46	12	27
288	45	12	28
288	46	10	27
288	46	11	28
287	46	11	24
287	46	12	26
288	46	10	26
288	45	10	27
287	44	12	30
288	46	10	27
275	46	10	26
275	46	9	26
275	46	10	26
275	46	9	25
274	46	9	26
275	46	9	26
274	46	11	27
287	48	10	24
284	48	13	26
274	47	12	27
286	47	12	25
274	46	9	26
288	46	10	27
288	47	9	25
58.117153	73.362946	16.260794	43.749332
286	47	11	25
274	47	7	24
57.04643	73.60646	18.424738	44.037773
57.15532	73.79501	18.416538	44.777473
57.96578	72.901985	18.402107	45.638653
287	48	9	24
57.521465	73.11597	17.993372	46.01648
57.127254	73.571014	17.694786	46.416122
286	47	9	19
57.77273	75.78756	18.024408	43.947002
57.832092	75.18854	18.19385	44.968025
284	46	11	25
58.054005	74.264885	17.0859	46.290836
58.467205	73.23284	17.039862	47.001114
58.958763	72.97697	16.654768	47.700916
58.81832	74.27379	16.706818	47.864468
59.119923	75.06456	17.36625	46.64819
59.08849	75.55916	18.177011	46.47713
225	52	9	24
225	49	10	26
223	50	11	27
60.837788	75.28616	18.59516	47.24979
224	51	10	24
225	50	10	24
224	51	10	24
225	50	10	24
61.703457	75.990616	18.693186	47.985268
224	52	10	23
225	51	10	22
224	51	10	24
222	51	12	26
63.81199	75.37759	18.72183	48.87254
65.54462	75.92378	18.086018	48.774048
225	52	8	23
66.86641	76.100235	18.465126	49.947777
67.0407	78.83512	18.71571	47.731735
68.19506	78.613556	19.892227	48.380623
68.58207	78.71556	19.908922	48.804543
68.74048	77.371735	19.90934	50.398468
69.46985	77.12621	20.658882	50.781128
284	47	8	19
268	46	11	28
279	48	12	23
275	48	16	24
283	48	8	22
73.59134	79.99254	19.886347	49.882526
283	46	9	25
281	48	9	20
270	46	11	26
283	47	9	25
78.83581	78.54715	19.80491	53.310986
79.2487	78.96342	19.666843	52.579052
280	48	11	24
80.85923	80.82714	20.016418	51.53355
81.825096	81.1423	22.778458	52.142735
274	48	15	23
271	48	15	24
274	48	15	24
279	46	11	27
280	47	10	25
278	47	12	25
279	47	11	24
278	47	12	24
91.90979	82.49461	19.805794	52.493626
279	46	10	25
279	47	9	22
279	46	11	27
279	46	10	26
277	47	12	24
279	47	10	25
276	47	12	25
278	47	10	24
277	47	10	24
277	46	10	26
105.06117	81.83425	27.093357	54.800976
105.59699	81.84807	25.47092	55.265404
276	46	11	27
267	47	16	25
111.006226	82.83616	26.630747	57.52902
265	46	8	25
264	45	8	26
264	46	8	25
116.76296	83.37799	25.218456	57.160316
276	46	10	26
276	49	11	20
276	47	10	25
276	47	10	25
276	46	10	23
277	47	9	20
276	46	10	25
275	47	11	26
275	46	11	27
276	46	9	25
275	46	10	26
275	46	11	27
275	46	11	25
275	47	10	24
134.63443	83.36982	30.93065	62.61165
275	46	10	26
274	47	10	25
274	46	12	27
274	46	12	27
146.14645	85.84331	27.302675	59.604683
273	47	10	19
273	45	10	23
271	46	13	26
271	46	13	25
272	46	11	26
271	46	12	27
273	45	10	28
271	45	12	26
271	44	11	28
145.05174	84.21133	30.706318	59.395157
270	46	12	26
271	45	11	27
270	45	11	27
270	47	10	25
182.17883	92.52046	22.137697	58.129513
185.63222	91.09812	21.276955	57.7249
270	45	10	27
186.74808	90.77997	25.168768	54.321777
270	46	10	26
271	45	10	27
188.98598	47.271034	11.806774	27.84653
270	45	10	27
189.28883	46.61934	11.908229	28.221292
189.63686	47.082714	11.828918	27.46858
264	26	14	47
188.8566	46.88283	11.473709	28.286772
271	46	9	26
188.69168	46.585026	11.588296	28.221548
189.30046	47.30931	11.818186	27.88867
188.50403	46.320007	12.608873	28.672571
271	45	10	27
271	46	10	26
189.91597	46.82082	11.734101	28.327415
189.21944	46.565063	11.404552	28.560411
271	45	11	27
188.76158	46.411163	12.2598	29.246258
189.59334	45.541595	12.301218	29.396416
189.28708	45.77221	11.974085	29.804049
270	48	11	23
189.48892	45.59571	12.95969	29.34482
271	45	10	26
189.04572	45.28394	13.074121	29.592552
188.78438	45.185352	13.635318	29.788431
271	45	10	28
271	46	11	27
189.57893	45.437576	13.547082	29.86175
270	47	10	24
189.64172	46.42867	13.23204	29.526054
188.55066	46.071266	13.821047	29.289137
269	46	11	26
189.24063	47.33978	13.477737	28.690346
269	46	10	26
188.91763	47.30888	13.130299	28.4634
188.2478	46.228035	13.960876	29.400486
188.25009	46.35385	14.236092	28.771564
189.03716	46.323795	13.447703	28.867105
287	0	13	33
286	1	11	31
280	0	14	35
275	0	18	35
285	0	11	33
281	1	11	32
273	1	12	33
279	1	10	34
171.81554	47.118717	12.77635	28.921776
165.7063	47.17704	15.026348	29.122526
256	0	13	35
244	1	15	34
142.35747	46.400505	15.889822	29.46777
230	1	13	34
123.40485	46.10151	16.917782	30.133139
114.58447	46.29476	20.70242	30.87283
198	1	17	34
179	1	25	35
120.62763	50.16908	15.293741	25.69166
111.63321	50.6246	14.2041445	25.69515
93.008125	48.372726	22.80292	29.12796
91.84008	51.939827	14.2357435	26.540926
145	2	13	35
72.66246	53.187607	13.8746395	24.685427
65.49498	51.87844	13.494419	24.87975
57.36193	51.936264	14.603703	25.275393
111	0	14	38
45.272583	50.456978	15.014986	31.919237
101	0	13	37
30.68397	52.29109	13.629056	25.276804
23.78646	50.87043	14.463614	28.241636
16.052927	49.078697	14.690732	30.424397
70	0	16	40
-0.083827496	50.573887	15.338462	30.67687
-3.93954	54.84956	13.77339	28.78898
14.367422	53.87518	14.484539	23.049019
4.4013658	55.308983	13.535281	24.072466
-3.2459617	53.178352	13.952479	27.865065
-5.6550446	53.842445	48.966797	39.292164
63.68081	108.60457	32.814426	67.910286
57.062885	110.048615	31.096487	68.54499
53.057903	112.000656	27.875849	67.36654
63	0	24	46
42.62255	115.870514	23.503113	66.31756
39.47856	116.07705	24.52264	66.91176
30.829538	116.093094	27.649014	67.4786
22.345497	115.81911	33.057083	69.01293
64	10	21	52
15.376604	118.11536	32.40913	67.46063
11.848097	119.43721	34.39252	68.048744
12.301088	121.30899	33.2431	68.72019
14.890537	122.793236	29.804543	67.97688
13.543995	123.04515	29.716698	67.568054
17.39973	123.78616	24.066992	67.14149
15.913013	122.04047	23.468727	67.02436
14.265223	121.73149	24.587322	70.14022
11.457916	121.6762	26.315262	69.49922
96	110	22	61
118	117	21	52
116	116	20	54
114	116	20	53
113	113	20	53
111	109	21	56
109	108	21	55
107	106	20	54
106	106	20	50
103	100	20	57
101	99	19	51
99	96	20	53
96	94	20	55
94	92	20	54
93	92	20	54
91	93	21	55
90	93	20	55
88	93	21	54
87	93	20	53
86	93	20	53
84	94	20	53
83	93	20	55
81	93	20	54
81	92	19	55
78	92	20	56
76	92	20	56
75	93	20	52
46	85	20	65
44	85	20	62
42	85	20	65
40	84	23	64
39	84	19	63
37	84	19	63
35	84	20	62
32	84	20	64
29	84	19	63
23	83	22	66
40	90	22	55
8	82	24	65
3	84	21	62
0	84	17	64
0	73	12	81
53.834846	107.23302	27.298832	67.44137
51.43433	103.95656	26.865133	70.79898
0	91	11	57
41.888145	102.95807	33.863277	71.25547
36.51785	99.011475	36.425392	75.04718
32.11994	101.88812	40.062855	72.50388
29.658478	103.78981	42.329803	70.66852
27.013088	102.85183	41.235268	74.08357
0	95	14	54
0	101	9	46
32.32321	105.68596	27.546375	70.063835
30.699665	103.775665	28.082985	70.55768
28.5214	103.34642	29.660797	72.552704
24.786684	104.49143	32.726803	71.99925
0	79	9	59
17.942505	105.75734	35.916275	71.74399
15.742952	108.504395	33.268032	68.810265
15.069002	108.48593	30.835033	69.60218
15.991389	111.37652	27.335276	66.76097
12.503762	107.6675	27.029081	69.09105
8.4519	106.053955	29.1439	70.28892
5.207574	103.97116	31.552824	73.201164
2.6632519	103.42888	36.366047	74.69381
0.7958584	101.95882	36.94022	75.79043
-0.47176552	103.67096	36.15714	75.41613
-0.3228035	100.97072	41.91587	77.438255
0.44317818	104.26451	33.072124	76.320045
7.169017	107.59532	24.25213	73.46134
122	0	8	30
118	3	8	22
113	2	7	23
106	0	10	24
-1.622222	105.23342	31.150938	72.84395
-1.6383934	105.73532	30.900566	71.25998
-0.8814392	109.56387	28.89743	69.613045
-0.975811	111.59483	24.6475	67.690285
-0.23804188	106.146484	23.333857	74.16602
-1.2871752	105.47077	25.231836	73.128494
-0.1688509	105.31973	25.025965	73.538246
-1.1988611	103.93146	26.293535	77.26612
-1.0567827	103.24528	25.459467	75.51573
-1.3982668	102.46538	25.798502	76.11126
-1.2346754	102.39459	30.062185	75.48566
-0.58235073	103.25748	31.296919	76.39396
-1.3389864	105.162605	31.881922	74.74904
35	0	11	23
2.854991	107.8517	27.352655	73.23887
30	0	9	23
4.1793003	105.601494	29.262936	73.33888
2.904582	105.71053	31.724634	73.79155
0.8980446	104.94127	36.311592	73.89386
0.38167763	105.315056	39.87289	72.13081
0.26215553	105.91638	41.61407	71.64306
5	0	10	24
1.317316	108.57341	37.07223	72.28701
1.904213	110.190956	35.329834	71.1718
3.407589	110.38965	32.317085	71.588524
4.0047474	108.63655	30.690136	72.14988
1.9269371	105.96931	31.770576	75.058945
-0.1618309	104.89986	33.651543	76.84122
-0.85578346	105.030914	31.294239	75.4096
-1.2424288	104.42328	31.573298	75.676704
-1.0004635	105.48113	29.353222	75.10228
-1.002675	106.21004	25.840357	74.66073
-1.0184164	107.441086	23.53755	73.68734
71	25	14	27
-1.4529705	106.892555	19.240215	72.847885
-1.8743696	106.61338	16.887854	63.68092
-2.9477377	104.951675	16.900908	74.24655
48	25	11	25
-3.5244665	103.10478	18.147657	78.38685
-2.3215408	103.814415	16.506699	76.57912
-3.3797188	103.38684	17.189766	78.035255
-1.9057598	106.63815	15.670422	75.01788
-2.1909304	104.955765	17.323145	79.57455
-2.8118467	105.98111	17.235449	73.739105
-1.5884666	105.29922	16.381279	65.38948
-1.8665628	103.75877	16.56769	70.7178
-2.968193	104.81334	17.007492	75.678566
-3.4164104	102.282684	16.40588	74.82526
-3.4241982	105.810104	18.30854	75.3009
-3.0912838	103.99403	17.078503	77.75064
-1.899322	106.8934	14.81433	73.86652
-2.1446228	106.52272	15.111359	75.50124
-1.825923	105.80305	15.014105	69.21141
-2.0278845	105.40495	15.16313	62.52426
-2.8868465	103.22741	17.317654	74.534836
-1.7192707	102.33386	17.71056	75.93218
-1.5250645	100.99991	20.251621	78.154724
51	50	15	35
-1.8634481	103.211365	27.234343	76.27148
-1.0899553	105.17984	26.576227	74.80915
0.65655994	105.7825	28.792746	73.63477
2.174615	104.709854	30.281126	74.10081
7.15526	103.639175	28.767986	75.65033
7.468498	101.80585	29.878082	77.289314
8.415758	100.469345	31.710491	73.009735
29	43	11	31
10.264551	99.8687	40.69038	76.75107
10.909012	101.38005	42.683502	76.20266
18.204685	102.72264	35.86834	76.236725
17	42	15	32
