269.0	95.0	45.0	39.0
270	94	43	40
269	95	44	39
268	95	45	40
269	95	43	40
268	97	44	40
268	98	44	40
268	101	44	39
268	103	44	39
270	108	43	40
268	109	44	39
268	112	44	39
267	113	44	39
265	114	44	39
264	114	44	39
262	113	44	39
261	112	43	40
259	111	43	40
256	110	43	40
255	110	43	40
253	110	43	40
251	111	42	40
250	113	43	41
249	116	42	40
248	119	42	40
247	121	41	40
245	125	41	41
245	129	41	41
245	133	41	40
245	136	40	40
246	140	40	40
246	143	42	39
247	146	42	40
250	149	41	39
249	151	42	39
250	152	41	39
250	153	41	39
252	153	40	39
252	152	40	40
253	153	41	39
254	152	41	40
254	153	41	39
255	153	40	40
255	153	41	40
255	154	41	39
255	154	41	39
256	156	41	39
256	157	41	38
257	157	41	38
256	158	41	38
255	158	41	39
255	159	41	38
256	161	40	38
256	162	40	38
256	163	40	38
257	164	40	38
258	166	41	37
261	168	40	38
262	171	39	37
261	172	41	37
261	173	40	37
259	173	40	37
258	173	40	37
256	172	40	37
256	171	40	37
255	171	41	36
256	171	40	36
256	170	40	36
256	167	41	36
257	165	40	36
258	162	40	37
258	161	39	36
257	157	41	37
258	156	40	36
257	153	40	37
255	150	40	36
255	148	39	36
255	146	37	35
254	147	37	35
255	148	36	35
254	149	36	34
252	148	36	34
252	147	35	34
251	144	33	34
248	141	33	34
243	136	34	33
241	132	33	33
239	129	34	33
237	126	34	33
235	123	34	33
232	118	33	33
232	116	32	33
230	114	33	33
230	113	33	33
227	112	33	32
226	110	32	34
224	110	33	32
224	109	32	33
223	108	32	32
219	107	33	32
219	104	33	33
217	103	33	30
216	99	32	32
214	94	33	32
213	89	33	31
213	85	31	31
209	82	34	30
212	78	30	28
206	76	33	22
206	77	31	18
206	69	29	20
203	69	27	19
190.69116	37.595375	44.44195	39.858097
193.48167	42.867073	40.88767	32.41372
193	45	35	25
191	45	36	26
190	46	35	27
190	47	35	28
189	49	35	28
189	51	34	29
188	53	35	28
187	56	35	27
189	57	34	26
189	57	33	26
188	56	34	26
187	55	35	25
187	53	35	26
188	51	35	26
188	51	35	22
190	50	33	20
188	48	35	24
188	47	35	24
189	47	35	24
187	44	40	31
187	47	35	30
187	49	35	27
185	51	36	30
154.92798	25.556488	83.64321	65.31575
338.9566	50.567253	42.629528	47.99939
339.02325	49.527214	50.830418	48.86481
338.1624	49.76802	51.023804	48.121853
336.18445	50.594635	51.124557	47.833523
334.87305	51.382088	50.900734	47.881786
333.46738	52.16922	50.590786	47.20853
332.88672	52.48352	50.515144	47.243313
187	79	31	27
182	78	35	30
187	81	31	29
185	80	33	32
184	79	32	33
185	80	31	33
184	82	31	33
183	80	31	35
180	83	33	33
179	84	33	33
181	87	30	32
176	87	34	33
178	88	31	32
177	90	31	31
175	90	32	33
173	91	33	32
173	92	32	32
173	92	30	32
174	92	29	31
170	93	32	32
167	94	34	32
166	94	34	33
170	96	30	32
167	96	32	32
169	98	30	31
169	99	29	31
171	99	28	33
173	101	26	31
171	101	27	32
172	100	27	33
173	101	27	31
170	101	29	32
171	102	28	32
170	103	29	31
168	102	31	32
165	102	34	33
165	103	35	33
165	104	35	34
163	106	37	34
164	109	37	34
165	111	36	33
166	113	37	34
166	116	37	34
167	120	36	33
167	121	36	34
167	123	37	36
168	124	36	36
167	126	38	35
168	127	38	36
170	128	36	35
169	127	37	35
169	127	38	35
169	125	37	36
170	125	37	36
170	125	37	36
170	125	38	36
171	126	38	35
171	127	37	35
172	128	37	36
171	129	38	37
171	130	38	38
171	130	38	38
170	129	39	39
170	129	40	38
168	128	42	39
170	125	40	38
169	122	41	39
168	119	42	39
166	111	43	41
165	107	44	39
169	99	41	39
168	94	41	40
167	86	42	41
167	83	42	41
166	76	42	41
166	72	41	41
166	68	41	39
165	64	42	40
164	59	43	41
164	55	42	39
164	52	43	40
163	47	43	41
164	45	42	40
163	42	43	41
163	41	43	40
163	40	43	40
162	38	43	40
161	38	44	40
162	38	43	39
162	37	42	40
162	37	42	40
161	37	43	39
161	37	43	40
162	38	42	40
161	38	43	41
162	38	43	40
162	37	43	40
162	36	43	40
162	35	42	41
162	34	43	41
162	33	43	41
162	34	44	42
163	37	43	40
164	39	42	40
166	45	41	39
165	48	42	41
165	55	43	40
164	60	42	41
162	68	43	40
163	75	43	41
164	81	42	41
162	90	41	40
158	98	42	40
158	103	42	41
156	111	42	40
157	118	42	39
156	123	41	39
155	129	41	40
152	133	43	40
150	137	43	40
153	143	41	39
151	147	43	39
151	152	41	39
151	154	40	40
151	157	40	38
149	159	41	38
148	161	40	37
146	162	41	38
147	162	39	38
146	162	39	38
146	162	39	37
146	161	37	37
143	160	39	36
141	158	40	36
142	156	37	37
141	153	36	36
140	151	37	36
139	148	36	36
140	146	35	35
140	144	33	33
138	139	34	34
135	136	36	35
135	133	35	34
135	129	34	33
133	127	36	34
133	124	35	33
133	120	34	33
132	114	35	35
132	113	36	33
131	111	36	33
131	106	38	35
136	103	32	33
137	103	30	31
130	90	40	40
145	96	25	30
210.859	58.11085	47.65134	49.27038
210.5953	58.37538	48.132385	50.695084
210.14474	59.38766	47.25682	50.262566
209.2369	60.631775	47.00657	49.826553
208.6785	60.874084	47.94928	50.72093
209.02034	62.011234	48.154118	49.80271
209.22919	63.727978	47.37963	49.033424
210.14682	63.28675	47.91766	49.559223
210.443	63.75669	48.801773	50.208363
211.01698	63.497063	49.00411	51.170727
211.6681	63.440033	48.434296	51.503754
213.1153	64.32242	49.08675	50.58238
213.95235	63.74246	48.896523	49.904213
216.1835	63.674423	48.31574	49.110355
218.1759	63.222893	47.89741	48.412876
220.19604	62.534958	47.200054	47.850216
222.88246	62.7956	46.6112	47.81571
226.55322	62.095566	47.425156	47.756016
229.64792	61.58033	47.48596	47.160122
231.60307	60.820824	47.943054	47.908283
234.63567	61.144356	48.406162	47.869247
238.08527	60.982933	47.934395	47.758167
242.01376	61.672516	48.209423	48.73083
243.78392	61.36009	49.60195	48.588432
247.56857	62.708687	48.693356	46.679764
250.97731	63.450386	49.37374	47.896866
254.90675	65.12151	49.268402	46.086742
258.32837	65.58996	50.076344	46.298935
260.7754	67.0791	52.00461	48.177963
264.82742	67.0143	50.215675	46.493286
266.2305	68.33823	50.169834	47.27744
271.63354	68.063385	49.363094	46.86752
274.47018	67.91784	48.418167	46.34131
277.50342	66.85004	49.543762	47.005344
280.44586	67.594765	48.043182	47.065
282.96786	67.18782	48.35669	46.359737
283.96124	65.98385	49.14633	46.86009
286.85022	65.7387	49.60274	46.299454
288.89896	63.921757	49.361385	47.766624
290.14166	63.884125	50.122604	47.421673
292.31717	61.645657	51.26005	48.27395
294.06833	62.10419	50.578987	47.210762
294.8401	60.27398	51.204456	47.768932
296.61215	59.25225	51.432087	48.350567
298.836	57.79876	51.397636	48.42119
300.14148	57.213562	51.615982	47.78041
303.27774	56.030537	51.18973	47.50335
304.44293	57.001724	50.777008	48.944427
144	135	29	28
307.26324	55.824543	51.699997	46.50286
140	139	33	30
143	139	32	33
137	140	39	34
138	143	37	34
140	144	35	36
139	147	36	35
140	149	35	35
140	157	34	29
140	155	34	33
138	155	35	34
136	156	36	34
136	155	35	35
134	156	37	36
133	157	37	36
134	158	36	35
134	158	35	36
133	160	36	35
130	161	38	36
129	162	38	36
127	162	38	36
128	161	37	36
126	159	38	36
124	158	38	36
121	156	39	37
121	154	39	37
122	152	37	37
120	150	38	36
119	148	39	37
118	147	39	37
115	147	40	37
115	146	39	37
114	146	39	37
114	144	39	38
114	143	38	38
113	140	39	37
112	137	40	39
113	136	39	38
113	135	39	38
113	134	39	38
114	134	39	38
114	134	38	37
114	134	39	37
114	134	39	36
115	133	38	37
115	133	39	37
116	134	39	37
117	134	39	38
118	135	38	38
119	135	38	38
121	136	38	38
123	137	38	38
126	139	38	38
127	139	39	38
129	140	40	38
132	141	40	37
133	141	39	38
133	142	40	37
136	143	38	37
137	143	38	37
140	144	36	35
139	144	37	36
138	144	38	36
139	143	38	37
141	143	36	36
139	143	38	36
140	143	36	35
140	142	36	34
140	141	35	34
137	140	36	35
138	139	34	35
136	137	34	35
135	135	34	33
133	131	32	34
130	129	33	33
127	124	33	32
125	121	32	32
192.7434	47.211426	51.853607	50.057755
193.32498	46.146336	52.15117	49.991753
194.66019	46.376465	52.00557	50.525024
195.49031	45.356796	51.981728	49.374737
197.6179	44.099617	52.55074	49.778122
199.16714	42.4554	52.71051	49.490204
200.25224	40.8325	52.866364	50.328575
202.8684	39.106133	52.237923	50.40884
205.86487	37.885414	52.397636	49.99072
208.26822	36.531944	51.662292	49.48033
209.10413	35.202713	51.790215	49.712723
215	36	48	45
216	35	50	45
216	34	51	49
217	34	51	49
221	35	51	48
222	36	53	48
225	39	52	50
228	41	52	48
229	42	51	49
233	45	52	50
235	48	52	48
238	51	53	50
241	53	52	48
244	55	52	49
246	54	53	48
251	57	50	44
253	55	53	48
255	56	53	48
261	56	52	47
263	56	52	47
266	56	52	47
268	54	52	47
271	54	52	48
272	54	53	47
276	55	49	45
278	55	48	45
280	56	49	45
281	56	50	45
283	57	50	44
286	57	50	45
289	57	50	44
292	57	50	45
292	56	53	46
298	57	50	44
301	56	49	43
305	55	47	42
307	55	48	42
311	53	49	44
311	54	50	44
314	55	49	43
318	55	47	42
319	54	49	44
320	55	50	43
321	55	51	44
322	56	51	44
326	57	49	42
326	58	48	42
329	58	48	44
329	59	47	43
328	59	49	44
329	59	47	43
326	59	50	44
326	59	49	44
325	59	50	44
324	59	50	44
322	60	51	44
321	59	52	45
321	59	51	45
319	60	51	45
318	61	51	44
316	61	51	45
314	62	50	44
313	62	50	45
311	65	50	43
312	65	49	44
308	66	51	44
306	66	51	44
302	68	51	44
302	69	50	44
299	70	50	46
296	71	51	45
292	71	50	45
288	71	50	46
286	71	50	45
283	72	49	44
278	71	50	45
275	69	50	47
273	69	49	47
268	70	49	45
265	70	49	45
262	71	49	45
259	72	50	45
255	74	51	45
253	74	50	45
249	75	50	45
246	74	51	49
245	74	51	47
243	75	51	44
242	75	50	45
237	72	51	47
236	71	51	47
235	69	51	47
234	67	51	48
232	65	49	48
231	63	48	48
229	61	47	48
226	60	48	48
224	61	49	49
222	61	47	48
221	61	48	48
219	61	49	48
218	61	49	48
215	62	49	49
213	62	50	49
212	61	48	48
209	61	50	48
208	61	49	48
206	62	50	47
204	62	49	47
202	62	48	46
201	62	50	48
199	62	50	48
198	63	50	47
196	64	51	47
195	64	52	48
194	65	52	48
193	66	51	47
191	68	51	49
189	69	51	48
188	71	51	47
187	72	51	48
186	74	51	50
185	77	50	50
183	81	51	48
182	83	51	50
182	87	50	48
181	90	52	47
181	93	51	49
179	95	52	50
178	97	51	49
178	98	51	49
177	99	51	50
178	99	51	49
179	100	51	49
180	100	50	49
181	100	50	50
182	101	49	49
182	100	49	49
182	101	49	50
184	103	49	50
185	105	49	49
186	106	49	48
187	109	48	48
189	111	49	48
190	113	49	48
192	115	49	48
194	117	49	48
196	118	49	48
198	119	49	48
200	119	49	47
202	119	49	48
204	119	50	45
204	117	50	48
206	116	51	45
207	115	52	46
209	113	50	47
208	112	50	47
211	111	50	46
212	111	49	46
213	110	50	47
215	110	50	46
217	111	49	45
218	111	50	47
220	113	51	45
221	113	53	47
223	114	51	46
226	115	50	45
227	115	50	45
229	116	50	44
230	116	51	45
231	116	51	45
233	116	50	45
236	115	52	46
237	115	52	45
240	115	51	45
243	114	50	45
245	113	51	45
246	113	51	45
248	113	51	45
251	114	51	45
255	115	49	44
260	116	49	44
261	117	49	44
263	118	50	44
266	118	50	45
268	119	50	45
272	120	50	45
277	122	50	44
280	122	50	44
283	122	50	46
287	125	48	44
288	124	52	45
291	125	49	43
293	125	50	43
295	125	51	43
298	125	50	43
300	124	50	45
303	126	48	43
304	126	50	43
307	127	50	43
309	128	49	44
313	128	47	43
314	128	49	43
316	129	48	42
317	129	49	42
319	128	49	43
321	130	50	42
323	129	50	44
325	130	50	43
326	130	51	44
328	133	50	43
331	134	49	43
334	135	50	43
336	136	50	43
339	137	49	43
342	139	49	43
344	140	47	42
346	142	45	41
346	142	50	43
348	143	49	43
349	144	49	44
349	145	50	43
350	145	49	43
349	145	50	43
347	145	51	43
348	144	50	43
346	144	49	42
346	142	46	41
343	141	48	42
340	141	50	43
342	141	46	42
338	141	51	44
336	142	52	43
335	143	50	43
333	144	51	42
332	144	52	43
331	146	50	43
329	146	50	44
327	147	49	44
324	147	52	45
324	147	50	44
322	147	50	44
319	148	50	43
317	147	49	44
314	146	50	44
312	145	50	43
308	145	52	44
307	144	52	44
304	144	51	45
301	144	51	44
298	143	52	45
294	143	54	45
293	144	51	44
289	144	51	44
286	144	54	44
284	144	53	45
282	145	53	44
280	145	52	45
280	146	48	44
275	142	51	47
271	143	52	48
271	144	51	44
268	143	49	45
264	142	49	44
258	140	53	49
258	142	50	44
253	140	52	45
250	140	51	45
250	139	51	45
248	137	52	46
246	135	54	47
246	132	53	47
245	128	54	47
243	126	54	47
243	121	54	47
241	119	55	48
240	115	53	45
237	111	53	46
235	107	52	47
233	103	53	47
231	101	53	47
228	98	52	47
224	96	52	47
222	95	52	47
219	96	52	47
213	96	52	47
209	96	51	47
204	96	53	47
201	95	49	45
194	93	53	50
191	92	50	48
187	89	50	47
184	87	50	48
181	84	50	48
176	83	51	48
174	83	50	48
174	84	49	46
172	85	49	45
172	86	48	45
171	88	48	45
170	90	49	45
171	90	49	46
172	91	48	46
171	92	50	46
173	92	48	47
173	92	49	46
174	92	48	46
176	92	48	44
176	90	50	47
176	90	49	47
176	89	49	48
178	89	49	46
177	89	50	47
177	90	50	47
178	91	49	47
179	91	48	46
179	92	49	47
180	93	48	47
183	92	47	46
182	93	47	46
184	94	47	45
184	93	50	47
188	93	46	45
190	92	47	45
190	91	48	47
194	90	48	46
198	89	47	45
202	90	45	44
203	91	48	44
208	92	48	44
212	94	48	44
216	96	47	45
220	96	47	45
225	98	46	44
230	99	46	45
234	102	46	42
237	103	47	43
240	103	47	44
245	104	45	43
249	104	46	43
253	104	46	44
256	103	46	43
259	102	47	43
264	101	47	45
265	101	49	44
270	100	48	44
272	100	48	43
276	99	48	44
278	100	48	43
281	101	47	43
