187.0	58.0	136.0	213.0
189	57	136	213
190	57	134	214
191	57	135	215
193	58	137	214
193	58	138	214
191	58	138	214
190	58	142	214
190	58	142	214
190	58	143	214
192	58	146	214
190	59	150	213
191	58	152	214
193	56	151	215
192	58	154	214
192	58	153	214
193	59	155	213
197	57	150	213
196	60	156	212
197	59	156	213
200	60	154	212
203	61	153	211
204	61	149	211
207	61	146	211
207	62	147	210
211	62	141	210
211	63	142	209
208	63	146	209
206	63	147	209
204	63	147	209
205	64	145	208
203	63	147	209
203	63	148	209
202	64	149	208
201	64	150	208
198	64	153	208
202	64	151	208
200	64	153	208
197	65	155	207
198	64	154	208
198	65	155	207
198	65	155	207
199	65	154	207
198	65	153	207
198	66	154	206
197	66	156	206
198	66	153	206
199	66	152	206
198	66	154	206
199	66	154	206
198	64	153	208
200	65	153	207
198	65	153	207
201	65	152	207
203	63	147	208
201	64	149	208
198	64	153	208
200	66	151	206
202	62	149	210
202	65	151	207
203	63	147	209
203	63	148	208
204	63	147	208
205	62	146	209
202	62	148	209
202	64	148	208
202	63	148	209
202	62	149	209
202	64	148	207
200	63	150	209
199	63	151	209
200	64	150	208
205	62	146	210
205	63	145	208
204	63	146	209
204	63	146	208
202	64	146	208
199	63	150	208
199	62	152	210
203	63	149	208
206	64	146	208
201	64	148	207
197	64	153	207
203	64	151	208
201	63	151	208
197	63	153	209
196	59	158	215
205	63	148	209
207	65	147	207
207	65	147	207
203	63	151	209
207	63	149	209
207	63	150	209
208	63	150	208
209	63	151	209
210	63	152	209
211	63	152	209
213	61	153	211
218	62	149	210
221	62	148	209
221	62	151	210
226	62	149	208
227	62	154	208
230	62	148	207
227	60	159	210
234	62	149	206
239	63	149	209
241	64	148	208
241	61	143	207
245	62	139	207
247	64	137	206
249	64	134	202
252	64	131	203
256	66	134	206
257	67	131	205
256	67	130	205
257	68	131	204
263	67	113	201
259	68	123	198
256	67	130	201
253	66	139	203
248	65	142	204
239	63	152	206
248	66	145	205
252	68	143	204
253	62	142	210
254	64	139	208
255	65	136	207
245	57	145	213
254	61	140	211
252	60	141	212
250	59	142	213
247	56	145	215
248	55	142	215
252	56	136	213
256	55	129	214
257	57	133	215
261	57	121	213
260	56	116	212
258	55	119	214
256	56	120	213
251	56	128	213
246	55	134	215
244	56	138	215
243	55	143	215
243	57	144	213
240	56	147	213
241	55	146	214
241	55	147	214
241	55	147	214
242	56	145	215
242	56	144	215
243	54	143	215
245	55	141	213
246	57	139	212
245	60	144	212
246	60	141	212
249	57	136	215
251	58	133	213
252	57	133	214
252	58	134	212
253	59	132	212
253	58	130	212
252	58	135	211
250	59	136	210
248	57	137	213
248	58	139	210
247	59	139	210
246	60	141	203
245	61	140	198
245	64	141	208
246	58	143	202
244	63	144	189
243	59	144	209
245	60	142	189
243	61	144	187
242	61	142	196
244	60	144	206
241	59	145	208
242	61	144	202
243	62	146	198
242	62	146	193
243	63	146	188
243	62	144	201
243	61	142	202
242	63	147	187
243	64	146	191
242	64	146	191
242	63	144	192
241	64	145	192
242	65	144	183
241	60	146	198
242	66	144	185
242	60	146	208
243	59	143	206
243	64	144	189
241	61	147	206
244	60	141	208
246	61	140	207
246	62	138	207
247	63	136	206
251	64	129	205
252	63	124	204
259	65	117	199
253	67	126	204
255	68	124	204
246	70	134	202
248	70	134	202
251	71	139	201
257	71	129	198
245	72	146	200
236	72	155	200
244	74	148	198
236	74	154	198
236	74	154	198
241	66	152	201
242	69	151	196
243	73	148	196
237	72	157	193
245	71	147	196
216	69	175	203
228	69	161	196
195	67	202	205
224	73	169	199
172	2	136	267
227	76	159	196
232	77	153	195
224	77	162	195
205	71	184	198
202	67	187	205
197	69	191	203
203	69	186	192
204	76	183	186
192	72	197	194
201	76	190	196
204	76	185	196
209	81	179	191
208	81	176	191
210	81	170	186
206	84	173	186
190	80	184	190
186	82	188	189
195	83	170	189
199	84	156	188
199	88	175	182
184	87	190	184
183	87	187	183
183	90	190	181
172	88	198	184
166	86	192	186
164	87	170	185
152	89	190	183
144	87	209	185
135	87	224	185
127	88	220	184
126	89	209	183
125	89	204	183
129	87	190	185
119	91	204	181
111	92	208	180
109	92	208	180
124	94	202	178
113	98	203	174
123	96	197	176
122	96	188	176
120	97	198	175
131	100	193	172
134	99	186	172
127	99	197	173
124	100	200	172
146	102	165	170
143	102	164	169
136	105	176	167
146	105	170	166
144	107	172	165
152	112	182	156
141	112	179	159
143	112	181	160
155	119	213	153
141	115	209	157
150	120	227	152
154	121	219	151
150	121	225	151
152	119	227	153
153	121	226	151
151	129	235	143
157	129	218	143
160	124	217	148
144	127	239	145
143	128	243	144
130	124	233	148
152	128	233	144
158	125	224	147
155	124	229	147
155	123	225	148
154	123	230	147
160	125	207	145
155	127	192	143
149	125	204	146
143	127	210	144
126	125	230	147
153	107	192	164
157	116	176	156
159	60	174	210
165	64	161	205
169	83	93	184
168	36	96	234
161	40	98	232
158	43	98	226
155	70	104	199
159	45	104	223
144	29	120	241
135	35	137	239
156	60	172	210
157	59	167	210
165	33	118	239
164	45	123	226
168	47	119	223
168	51	124	220
176	42	120	232
161	72	135	196
155	84	144	182
142	62	163	207
147	88	157	181
134	99	175	170
163	57	152	212
134	95	174	172
146	79	163	187
139	103	172	165
145	144	163	125
145	133	163	135
138	124	168	141
137	97	168	165
130	98	174	171
103	39	197	231
9	3	293	264
15	5	286	262
23	5	279	264
11	2	289	268
5	0	294	269
8	0	291	269
8	-1	291	271
9	0	285	269
24	0	273	269
26	0	271	267
19	-2	272	272
43	0	256	273
0	-3	268	269
6	-1	288	271
7	0	282	267
14	-1	278	271
34	-2	259	273
12	-1	283	269
11	-1	282	269
6	-2	288	270
7	0	285	270
13	0	275	270
4	0	285	267
4	0	288	268
5	0	282	270
16	-1	272	272
7	-1	282	272
27	-1	257	274
38	1	245	268
60	1	221	266
15	2	269	264
109	51	171	213
103	22	178	252
79	11	201	262
129	107	214	165
120	131	226	141
106	123	190	148
111	80	196	184
104	108	201	161
98	130	208	140
121	128	229	144
106	131	223	141
123	128	198	144
109	128	214	144
112	129	218	143
118	126	210	146
113	126	217	146
98	125	229	147
115	125	218	146
116	125	208	147
113	124	211	148
111	125	214	147
124	123	193	149
119	123	197	149
127	122	195	149
118	120	208	150
112	121	211	149
120	122	202	149
125	120	198	150
128	120	199	151
112	119	226	152
124	117	205	153
126	116	209	156
137	117	201	154
142	116	193	154
134	113	205	157
137	111	198	160
132	112	206	159
148	106	158	163
135	106	170	164
136	109	206	162
137	106	197	166
156	107	158	163
158	106	186	166
156	107	159	162
155	104	208	167
162	105	160	166
163	104	157	164
163	102	194	169
169	103	155	166
173	102	152	166
172	101	155	168
175	101	151	168
168	100	158	169
181	100	146	167
178	99	150	170
183	98	147	171
179	95	186	175
185	97	148	171
189	97	144	170
187	97	147	171
192	95	144	172
194	94	142	173
194	94	143	173
202	94	139	172
198	93	143	172
205	91	138	173
212	92	137	172
217	91	135	171
209	90	144	173
216	89	139	170
216	87	142	177
220	88	141	171
223	87	140	173
224	87	141	170
225	86	141	170
227	82	141	174
227	81	141	176
232	80	138	178
235	80	137	176
235	82	137	177
238	74	148	169
230	64	156	182
232	77	142	190
238	78	137	187
243	79	132	187
247	80	129	168
246	77	130	187
249	76	127	167
246	75	131	170
253	76	122	174
252	75	123	179
255	75	121	177
256	75	119	172
257	75	123	177
258	74	118	186
261	75	116	176
261	74	117	187
252	72	134	200
250	71	134	201
249	75	139	197
240	68	148	204
239	69	144	203
261	73	119	195
259	72	122	195
259	72	122	196
260	72	121	196
265	71	116	197
266	71	114	196
266	71	114	198
267	71	112	197
268	70	111	198
268	69	111	199
268	70	111	199
268	67	110	200
268	69	110	200
269	67	111	201
269	67	111	202
267	67	112	201
268	67	111	202
267	66	110	201
268	65	109	201
268	66	109	203
267	66	110	202
266	66	110	203
268	65	109	204
269	65	109	203
267	65	109	203
266	65	115	206
254	65	134	207
252	65	137	207
254	65	132	207
258	64	129	207
258	64	130	207
257	64	133	207
256	64	132	207
259	64	129	206
256	63	133	207
257	63	133	208
257	64	132	207
255	64	134	207
257	64	132	207
256	64	133	207
257	64	132	206
256	64	135	206
258	65	132	206
256	64	134	206
257	64	132	207
256	65	134	206
257	64	134	206
257	64	134	206
257	65	133	206
256	65	134	206
257	65	132	206
255	65	136	206
256	65	135	206
255	65	135	205
256	65	136	206
256	65	135	205
255	65	136	205
257	65	133	204
256	65	135	206
256	65	135	205
256	65	135	206
257	65	135	205
256	65	134	205
256	65	134	205
256	65	134	205
256	64	135	206
255	65	136	206
256	65	135	206
256	65	136	206
256	65	135	206
257	65	135	206
256	65	135	205
256	65	136	206
256	65	136	206
256	65	135	205
257	63	131	205
255	65	136	206
255	65	136	205
256	65	135	206
257	65	134	206
257	64	133	206
256	65	135	206
255	65	136	206
255	65	136	206
255	65	137	206
257	65	134	206
256	65	135	205
257	65	134	206
256	65	136	206
256	65	135	206
256	65	136	206
255	65	137	206
256	65	137	205
254	65	139	205
255	65	137	205
254	65	139	205
254	65	139	205
253	65	139	206
252	65	141	205
253	65	139	206
252	65	140	206
252	65	139	207
252	65	140	206
254	66	140	204
251	65	141	206
251	65	141	206
252	64	140	207
252	63	141	208
251	63	140	207
251	63	141	208
250	62	142	208
251	63	140	208
251	63	142	209
250	62	143	209
251	63	140	208
252	63	141	208
252	63	141	209
251	63	142	209
252	62	141	209
253	63	141	208
254	62	140	210
252	63	142	208
253	64	142	207
252	63	143	209
253	63	143	208
252	63	143	208
252	62	143	209
253	64	142	207
253	62	142	210
253	62	144	210
254	63	143	209
253	62	144	210
253	61	143	211
252	62	145	210
253	61	143	210
254	63	144	208
252	62	144	209
254	64	143	208
252	62	144	210
253	63	143	208
253	63	143	209
253	62	144	210
253	62	144	210
253	62	143	209
253	62	143	209
253	64	143	207
253	63	143	208
253	62	142	209
253	64	143	207
253	63	143	208
253	64	142	207
253	62	144	209
253	63	143	209
253	61	143	210
254	61	142	210
252	61	143	210
252	62	144	209
253	64	144	208
253	63	143	208
252	61	144	210
253	62	144	209
253	63	143	209
253	61	142	210
253	62	143	209
252	63	145	209
253	61	143	210
254	63	143	208
253	62	143	210
252	61	144	210
253	63	144	208
253	61	143	210
252	61	145	211
253	62	143	210
253	63	143	209
252	62	144	208
252	63	145	208
254	62	143	209
252	63	144	209
254	64	142	206
253	63	144	209
253	63	144	208
254	63	142	209
253	61	143	211
253	62	143	209
252	63	144	209
253	67	142	204
254	64	143	207
254	66	143	205
254	67	143	205
255	68	141	203
255	68	142	204
255	70	141	202
255	72	141	200
255	75	141	197
255	73	140	199
255	75	138	197
255	76	141	196
256	76	140	196
254	76	139	196
257	80	137	191
255	72	139	200
255	71	139	201
255	68	139	204
253	67	141	204
253	69	140	203
254	70	139	199
253	64	139	205
254	69	137	201
254	70	137	200
252	66	138	202
251	69	139	199
252	67	137	197
255	68	133	196
253	66	135	193
254	63	133	195
254	62	132	195
259	60	126	192
258	70	124	177
259	63	124	186
259	57	123	193
261	65	121	183
259	45	121	202
260	47	119	195
260	44	120	195
260	46	119	192
258	44	119	191
258	45	118	186
258	42	115	188
257	42	115	184
256	41	114	183
256	41	114	181
255	40	114	189
257	41	111	173
253	38	114	186
254	38	113	179
255	38	110	173
253	37	111	176
251	36	110	172
251	36	109	173
249	36	108	173
248	35	107	173
246	35	107	170
245	35	105	169
245	34	105	168
245	34	103	167
247	34	102	164
247	35	102	165
248	35	102	166
248	35	102	165
249	34	101	165
251	35	99	163
252	34	99	164
252	34	98	164
252	34	99	162
254	33	97	164
254	33	97	160
255	33	97	162
255	33	97	160
255	33	97	160
256	32	96	161
257	32	94	158
257	32	94	159
258	32	94	157
257	31	95	158
258	32	94	156
258	31	94	156
258	31	93	155
258	31	94	157
259	31	92	157
258	31	93	155
245	30	107	164
247	29	104	166
240	29	111	167
259	31	93	154
255	29	96	162
256	28	95	161
256	29	97	161
256	27	95	160
255	29	97	161
257	29	94	159
256	29	94	158
257	29	95	160
257	29	95	161
256	28	95	161
256	29	95	158
256	30	97	160
256	28	94	162
257	29	95	161
256	28	96	159
255	29	96	161
255	29	96	160
257	28	95	160
258	30	94	159
257	29	94	160
257	29	94	160
257	29	94	159
259	29	91	158
260	29	89	158
260	30	93	148
259	30	94	157
259	31	94	153
257	29	95	162
262	30	91	150
264	34	88	146
272	32	79	149
263	31	89	146
263	34	89	146
