146.0	146.0	45.0	56.0
144	148	46	53
147	143	48	58
154	140	47	61
171	141	38	55
143	152	40	48
142	150	43	51
143	150	41	51
142	149	40	52
141	150	42	52
141	149	40	51
176	134	45	65
173	135	48	64
174	134	47	64
176	134	46	64
179	133	47	66
183	134	47	66
186	135	48	66
189	135	48	66
191	135	48	67
191	136	48	66
191	134	47	70
191	139	50	64
193	140	49	64
195	141	50	65
198	141	50	64
199	143	50	65
199	144	49	64
199	147	49	63
204	145	51	66
214	143	50	69
224	143	50	69
233	144	52	72
238	143	56	74
241	147	51	72
241	149	51	68
240	145	50	74
237	147	50	72
236	151	51	70
235	155	51	67
236	159	52	65
241	158	52	68
249	157	51	69
256	157	51	69
262	156	50	73
264	160	52	70
267	163	51	69
269	162	50	73
272	162	50	74
273	165	51	74
274	169	52	69
274	168	49	73
274	168	50	73
274	169	50	74
273	169	49	74
272	170	49	74
271	171	49	74
268	173	49	73
266	173	48	73
265	172	48	75
263	174	48	74
261	174	47	74
258	176	47	73
256	176	47	73
255	177	46	73
253	177	46	73
251	176	46	73
247	176	45	73
243	176	45	74
240	177	44	72
237	177	44	72
233	176	44	72
230	176	44	72
227	176	43	72
225	176	43	72
221	176	42	71
217	176	42	70
214	175	41	70
210	174	41	71
206	171	41	72
201	171	41	70
196	169	41	69
192	169	40	69
187	167	40	70
184	167	40	70
181	165	40	69
178	164	39	70
175	162	39	69
171	161	39	69
167	161	40	68
162	160	40	66
159	159	40	66
158	158	39	67
156	156	40	67
153	155	39	67
151	156	40	66
150	155	39	67
147	155	40	66
145	152	40	66
145	153	40	65
143	151	40	65
138	153	42	63
136	153	42	60
136	154	41	60
135	152	43	61
136	149	43	64
139	149	48	64
141	148	48	64
145	148	46	64
145	147	49	65
150	146	46	64
154	145	45	64
156	144	47	65
161	143	45	64
165	141	45	63
171	140	45	64
178	138	46	65
184	139	45	64
186	140	46	63
187	138	47	66
192	137	44	65
194	138	47	65
197	138	46	65
199	137	47	66
200	138	47	66
201	139	46	68
201	137	50	69
202	136	51	71
203	138	51	68
205	137	50	70
206	138	49	71
207	139	50	70
208	138	50	72
209	137	51	72
209	137	51	71
209	137	51	70
209	137	51	68
210	137	50	71
210	137	51	69
209	136	52	70
209	134	50	73
210	132	49	74
210	134	50	70
209	133	50	72
210	133	49	73
210	131	50	74
210	132	51	71
211	130	49	74
210	127	50	75
210	126	49	75
209	125	50	82
209	125	50	79
209	124	49	73
210	126	49	71
209	126	50	71
208	125	49	70
208	124	49	70
208	123	48	71
208	122	49	71
208	121	48	70
210	120	49	69
208	120	50	70
209	117	49	71
207	116	50	69
209	113	47	72
207	111	50	73
209	107	48	77
208	107	48	71
209	106	48	73
207	102	50	76
209	102	48	75
207	103	49	69
207	101	48	71
207	98	49	72
205	99	50	67
205	98	47	69
203	97	49	70
202	97	49	68
201	96	49	68
200	96	49	67
200	98	49	66
199	95	50	68
199	97	49	65
199	94	49	66
199	92	48	65
198	91	50	65
198	89	50	67
198	89	49	65
196	89	50	64
197	86	48	66
195	86	51	67
195	85	49	65
195	84	49	64
194	85	50	65
196	84	49	61
194	81	50	64
193	81	50	61
192	81	51	63
190	79	51	63
190	78	49	61
188	80	50	59
187	81	51	59
186	82	50	56
184	81	50	55
181	71	52	65
181	70	53	65
182	69	51	65
182	68	52	66
183	68	51	65
183	69	51	65
184	71	50	62
186	72	48	61
186	74	51	64
188	76	47	57
188	77	46	56
190	77	45	56
192	79	45	54
192	77	46	57
193	76	38	55
197	77	48	58
199	78	48	56
200	78	47	54
197	71	53	65
200	73	31	55
197.98933	69.10541	54.411358	60.823906
199.23715	68.192184	54.080063	66.15555
200.6601	68.499695	54.12269	59.53576
166	69	36	42
204	71	51	55
204	69	53	55
204	68	55	58
203	67	56	59
205	68	55	60
209	71	45	57
206	68	55	66
205	67	58	66
208	69	57	61
210	70	55	60
211	70	56	63
212	73	57	61
215	77	52	57
215	75	56	62
216	76	55	60
217	76	54	60
217	75	55	61
217	70	57	64
219	72	53	62
220	75	52	58
221	74	52	59
219	72	59	71
220	75	60	69
225	77	56	59
227	77	54	60
227	80	54	58
218	77	70	81
230	82	54	59
231	83	55	62
232	86	55	60
232	78	54	70
233	83	54	66
233	81	54	69
232	84	56	67
231	80	59	77
231	81	57	74
230	83	57	76
228	86	57	76
225	89	58	75
225	92	57	75
220	90	63	80
222	93	59	78
223	96	58	78
223	97	57	84
220	97	59	77
221	101	56	73
221	105	57	80
221	103	57	80
222	106	57	80
222	105	57	77
222	105	57	78
223	108	56	72
223	109	57	73
221	110	56	75
222	111	56	75
221	113	56	74
220	115	56	74
219	116	55	73
218	117	56	73
218	118	55	74
217	120	57	72
217	122	55	73
216	125	54	71
216	124	54	73
215	126	54	72
215	125	54	75
215	126	53	74
216	127	53	75
214	128	54	74
213	128	55	75
213	129	53	72
212	129	54	74
212	131	52	71
212	130	52	73
211	131	52	71
210	134	52	69
210	135	52	68
210	133	52	72
211	135	52	70
211	137	52	70
210	136	52	72
209	139	51	67
207	139	53	67
208	138	53	68
208	138	54	68
210	139	53	67
211	138	54	70
213	138	55	71
216	136	54	72
220	142	53	69
222	145	54	69
223	144	57	71
222	146	57	70
220	146	56	70
218	143	56	72
217	143	55	72
216	144	55	72
215	142	52	74
213	142	52	75
213	143	51	72
212	142	50	75
211	145	53	72
210	144	57	74
211	143	51	74
211	144	53	73
211	144	51	72
211	145	52	74
212	145	51	73
212	145	50	72
212	145	52	75
213	144	50	73
214	144	52	74
216	145	52	73
218	145	52	73
219	146	56	74
221	144	53	75
221	145	55	74
221	144	54	74
220	145	55	73
220	145	53	72
220	145	53	72
220	146	54	72
219	146	56	74
218	149	55	73
216	147	51	74
214	148	51	73
212	149	53	72
211	145	55	74
210	144	52	72
208	143	52	72
206	142	50	69
208	142	52	72
210	137	52	74
212	138	55	73
214	136	50	74
212	136	50	73
211	138	53	70
210	136	50	72
209	136	50	71
210	136	49	72
210	138	52	70
210	137	50	72
209	137	55	77
209	138	49	71
207	137	51	70
206	138	52	70
209	141	51	69
212	136	51	73
214	141	53	71
216	144	52	70
218	145	53	71
218	148	55	70
218	149	55	71
217	148	52	70
214	144	53	72
209	142	55	73
205	140	49	71
202	141	48	69
198	139	47	70
196	139	46	69
192	139	50	68
190	137	49	71
188	137	45	70
184	139	47	67
181	137	44	67
179	139	45	65
177	136	43	68
173	138	47	66
171	137	44	66
169	138	44	64
168	139	44	62
168	141	43	63
166	141	43	61
164	137	44	63
163	137	42	63
163	134	41	66
163	134	39	66
162	131	40	68
161	133	40	65
158	133	45	63
158	133	44	62
158	130	41	66
156	130	42	66
155	130	42	63
154	129	42	67
154	128	41	66
152	130	42	64
151	131	42	61
151	131	42	62
150	129	42	62
150	125	42	67
150	121	38	71
149	124	41	65
150	121	40	68
149	120	42	67
150	120	41	68
150	119	41	67
149	118	43	68
150	118	42	68
149	117	43	69
148	118	43	69
147	117	41	68
147	119	43	68
145	118	41	68
144	117	41	68
143	120	44	69
142	119	44	70
141	121	43	67
141	120	45	69
141	116	43	68
142	116	48	66
143	110	43	70
146	108	43	69
146	110	47	65
148	108	46	68
150	106	48	70
156	108	48	67
159	108	48	69
162	106	48	72
164	107	49	72
166	107	50	74
165	108	50	73
163	108	51	70
162	108	53	70
162	113	51	65
164	116	50	61
168	108	47	68
172	113	47	65
176	112	46	69
177	114	46	71
178	111	43	75
176	112	44	75
174	111	45	74
173	112	48	72
173	113	48	68
174	110	50	70
176	109	49	66
179	104	51	74
180	105	53	66
183	109	52	68
184	109	51	68
185	112	52	67
185	110	53	70
186	116	54	70
186	119	57	72
191	121	54	71
193	123	56	70
197	123	52	71
196	125	53	70
196	121	51	72
190	116	51	73
186	120	50	68
179	122	52	69
176	124	53	67
181	121	50	68
186	119	49	69
190	118	54	70
194	118	51	72
195	119	51	71
193	119	53	72
191	116	55	72
190	116	52	71
188	120	52	70
188	119	52	72
189	119	53	73
191	121	52	74
193	122	50	74
193	123	53	74
193	125	54	70
193	124	50	73
192	123	52	74
190	123	52	71
190	121	50	74
189	122	54	70
190	121	51	73
190	121	53	73
191	122	52	71
192	123	50	73
190	123	52	74
190	123	50	74
188	123	47	73
184	125	51	73
181	123	48	75
177	125	51	73
173	128	50	69
167	129	52	69
168	130	52	69
171	130	51	68
176	126	52	73
184	123	49	73
190	128	49	75
190	132	54	78
193	137	51	71
191	138	51	69
189	134	49	69
186	123	45	78
183	124	43	74
179	126	45	71
180	125	40	73
180	127	44	71
180	125	43	73
180	127	48	73
180	127	49	72
179	127	49	71
179	128	46	71
178	127	45	71
180	124	42	70
180	123	45	72
179	121	48	71
183	122	45	68
184	122	44	68
185	121	43	69
185	121	44	68
184	120	43	68
184	120	43	69
182	122	46	66
184	123	44	66
186	121	44	68
189	120	42	69
190	120	42	68
192	120	40	67
190	122	42	68
191	121	40	71
192	124	42	68
193	121	40	75
196	121	38	73
199	123	39	73
203	122	39	75
206	125	43	72
209	127	43	71
208	125	45	74
207	123	44	75
209	129	44	69
204	127	45	71
201	131	45	69
197	129	42	70
190	124	44	77
185	128	41	72
180	131	42	70
175	132	39	70
169	130	40	72
161	129	42	70
156	130	41	70
152	129	40	70
145	126	42	72
144	124	37	73
140	124	38	71
138	122	34	70
135	121	34	69
129	121	39	68
126	122	38	67
123	120	37	69
118	120	40	67
117	120	39	69
117	114	32	76
114	114	31	76
109	115	32	75
104	119	34	73
101	120	35	73
100	118	35	75
100	116	35	77
102	114	34	78
104	115	33	76
105	114	33	77
108	114	31	77
112	113	30	77
117	113	28	76
117	117	35	73
111	117	47	69
115	116	45	66
119	116	46	71
128	113	43	73
130	118	43	67
139	116	39	69
146	117	38	68
143	118	42	64
150	119	38	70
150	118	41	71
165	121	31	70
167	132	32	55
166	121	30	69
170	130	32	65
178.38864	118.454544	15.601429	72.80887
177	117	16	73
174.53514	138.80478	26.461565	55.762833
165.71692	128.7208	70.18535	68.88127
178.14032	138.72847	45.229305	50.764263
139.59485	96.37682	97.07818	100.32216
156.87007	115.60892	65.660194	77.23553
170.26607	121.78081	45.814487	69.53986
169	124	21	62
165	117	22	71
161	116	24	71
156	114	25	73
152	110	29	74
149	109	32	76
141	110	46	68
141	113	43	68
143	110	34	75
142	111	32	75
139	110	35	78
137	109	37	76
131	110	48	80
133	111	35	77
130	112	36	76
129	113	35	75
128	112	36	78
128	113	36	77
127	112	42	79
127	115	33	77
129	117	27	73
129	120	24	70
128	110	26	79
128	117	23	69
126	117	23	67
125	117	25	66
122	113	28	70
121	114	26	72
120	108	37	75
119	113	32	73
119	111	33	72
125	123	20	62
125	130	24	52
127	134	14	48
127	116	13	67
127	113	13	70
125	135	13	46
123	135	16	48
119	117	23	66
118	111	23	72
118	110	26	75
120	120	23	63
126	127	19	56
130	109	14	77
134	111	16	74
135.67596	112.243195	24.090187	74.246574
137.15205	113.07797	24.661106	72.17745
138	113	23	70
136	119	23	67
134	114	25	68
128	112	34	69
120	111	46	68
118	111	50	70
117	111	52	71
118	113	54	69
120	113	48	69
121	116	51	67
122	116	51	66
121	115	52	68
121	114	51	70
122	111	46	74
123	112	44	73
122	112	46	76
122	113	46	79
125	114	43	76
124	120	49	69
131	118	41	75
130	119	49	83
133	122	47	78
134	120	51	77
141	121	51	75
143	127	44	68
144	124	42	70
138	120	56	79
142	125	45	73
140	126	43	74
140	128	46	78
141	136	44	72
146	144	34	72
145	159	37	54
140	147	43	79
141	154	39	69
137	158	44	63
140	159	32	71
141	160	29	73
141	169	27	64
142	190	32	42
148	179	21	55
154	171	16	65
158	170	14	66
160	168	16	69
160	164	19	73
156	165	24	70
149	163	30	71
144	161	34	72
141	160	38	71
140	162	38	68
144	159	36	70
146	159	35	70
150	157	37	72
154	156	36	74
153	156	39	74
151	152	40	76
148	155	42	73
145	158	44	68
143	157	42	68
142	157	43	69
143	154	41	71
145	154	41	70
149	153	39	72
151	151	38	72
152	149	37	74
152	148	38	72
149	145	40	74
146	149	45	64
146	147	46	65
148	145	43	70
150	145	44	71
153	150	44	68
156	148	46	72
159	147	45	72
162	147	40	76
159	145	46	75
157	146	46	74
154	149	44	71
153	149	44	71
152	149	42	71
152	150	42	72
155	150	42	73
154	151	44	72
155	150	45	71
155	151	46	72
154	150	51	73
153	147	45	74
149	174	29	47
139	170	43	61
138	166	42	67
143	173	37	58
146	178	35	53
144	175	41	51
140	170	43	63
142	174	42	60
142	173	42	62
146	180	40	45
147	181	40	52
148	178	39	59
157	184	30	48
157	167	33	65
159	165	43	68
163	165	50	69
163	163	52	72
165	164	50	73
166	164	50	72
166	165	52	72
167	167	52	71
168	167	52	72
168	167	52	73
168	166	52	74
168	164	52	73
167	160	52	74
165	159	51	74
163	158	48	72
162	161	47	69
161	159	43	71
161	160	41	71
161	161	40	71
161	163	44	67
162	162	42	71
162	162	44	70
163	162	45	71
162	161	48	72
162	160	52	73
164	160	48	72
165	161	48	74
165	161	48	73
166	165	50	73
167	164	46	76
168	167	48	72
168	166	46	75
170	166	45	74
169	165	47	73
168	163	48	73
169	160	49	73
169	158	49	69
172	153	47	71
174	152	50	65
179	143	49	70
182	138	51	70
184	133	55	73
185	129	55	76
185	127	56	75
182	122	58	78
181	115	60	83
195	118	47	70
200	109	47	73
202	105	48	71
204	101	49	70
205	98	50	70
204	98	51	70
203	101	48	69
206	96	44	71
210	95	40	65
210	94	44	66
212	90	49	70
212	82	55	76
214	85	52	72
213	85	51	73
215	86	49	72
213	88	50	72
217	87	46	72
218	88	43	70
216	67	53	90
218	89	38	68
218	89	36	68
217	92	43	63
215	92	46	66
216	95	46	62
213	93	49	64
209	92	50	67
205	93	51	68
179.39857	78.89217	82.69346	84.14665
197	102	42	59
196	100	38	64
196	99	33	61
131.69131	49.21826	128.43517	123.048355
213	95	41	41
169	117	38	42
196	83	29	78
167.26624	108.308876	73.61371	99.00505
147.09851	115.424576	106.87204	94.05248
122.30185	83.864	151.33084	125.17332
157.98517	87.37399	92.04518	132.86108
189	100	36	65
189	98	39	68
182	106	46	63
178	110	49	59
183	112	49	59
181	108	58	64
182	115	53	60
177	117	67	60
182	116	56	63
181	118	58	62
180	119	60	63
180	119	63	61
181	120	61	65
191	122	53	61
188	120	54	60
182	120	55	61
181	121	51	60
181	122	51	65
178	139	49	58
180	140	48	57
176	144	47	58
158.2654	160.59712	88.16175	35.396507
137.71225	158.67213	113.79658	61.241722
154.65485	155.58246	75.83528	32.58745
160.45248	152.7148	71.05553	45.974216
