243.0	231.0	36.0	18.0
245	229	36	18
248	227	36	18
253	226	33	18
256	225	33	17
262	221	30	15
263	219	31	20
265	215	35	18
272	211	32	18
271	207	36	20
276	204	34	18
278	202	35	16
282	196	34	17
282	193	35	19
283	187	36	22
286	181	35	19
265	197	32	17
292	175	32	16
292	169	31	17
293	165	32	17
291	160	36	17
293	156	37	18
293	156	36	17
294	155	36	16
295	151	34	17
295	151	34	17
294	150	35	16
292	146	35	17
292	146	35	15
296	146	27	14
295	140	29	16
291	137	35	16
290	135	35	15
289	133	40	16
287	130	37	14
287	124	36	17
288	124	35	17
286	121	37	16
285	120	37	16
287	119	36	16
286	119	36	14
287	118	34	17
287	114	36	16
286	113	37	15
290	111	32	16
287	106	38	17
291	107	32	15
289	102	37	15
288	99	37	15
290	95	34	17
289	90	35	17
283	89	41	15
288	83	37	17
286	80	38	17
286	77	36	17
285	74	35	16
285	68	38	18
284	66	37	17
278	61	43	17
285	59	28	16
275	57	41	18
278	65	30	13
275	53	35	17
274	57	33	14
271	49	34	18
269	49	34	18
265	50	35	17
263	48	36	17
261	46	34	18
258	44	34	15
256	43	34	18
251	41	35	15
253	40	30	15
247	39	34	14
244	36	31	15
239	35	35	13
238	31	32	15
235	30	33	15
232	27	33	15
231	25	30	15
228	21	29	14
225	19	30	14
223	18	29	13
216	11	34	16
213	9	34	16
211	7	33	17
208	7	33	17
207	7	34	16
204	6	33	16
208	8	28	14
200	7	33	16
198	6	32	17
196	8	32	16
193	7	33	16
191	8	33	16
189	9	33	16
186	10	33	16
185	13	32	16
185	15	29	15
181	18	30	14
177	18	32	14
177	23	30	13
175	23	31	16
174	27	31	15
173	28	32	15
174	34	29	14
171	38	31	12
171	42	32	12
174	45	28	12
173	48	30	14
174	51	28	13
175	55	28	13
172	56	31	15
173	60	31	13
177	64	27	14
174	67	31	11
177	66	31	14
178	69	31	14
182	73	25	14
182	75	29	15
182	78	30	13
184	78	30	15
189	81	27	14
194	84	24	14
197	89	24	12
203	88	18	14
204	90	19	14
201	92	24	14
198	94	30	15
202	96	28	14
206	95	27	15
205	99	27	13
208	102	24	13
211	103	24	13
211	103	26	14
214	105	24	14
215	106	29	16
190	111	22	11
190	111	22	11
256.5906	213.08714	73.33516	28.829494
244.51497	228.13208	33.92825	18.377691
247.9054	228.97644	32.82751	19.44819
247.21976	229.71532	30.893917	17.917141
247.81076	225.90887	41.69038	24.352327
175	175	15	10
175	175	15	10
175	173	15	11
174	164	14	8
246.78786	230.1083	32.19755	18.787476
249.79376	230.5612	30.1919	17.94955
246.32785	228.65984	34.863846	20.872408
249.07376	230.06923	29.033442	17.59506
247.36795	229.40602	34.012527	19.869822
248.13554	230.30435	30.438143	17.950815
246.99002	229.55066	32.64538	19.268732
247.04259	229.22029	32.201874	19.133654
119	176	16	9
247.10262	230.12863	30.273645	18.532942
247.81055	229.26471	33.070076	19.67878
249.47284	226.67859	31.024529	20.382278
247.5198	229.24678	31.958849	19.809465
247.7124	228.9555	30.259829	19.109453
248.21814	230.06053	28.568369	18.376804
247.81247	229.97203	31.702948	18.404276
246.57213	228.7584	33.833714	19.397816
246.42328	227.20848	35.14008	20.087925
90	90	22	11
90	90	22	11
90	90	22	11
90	90	22	11
90	90	22	11
90	90	21	11
90	90	22	11
90	90	22	11
90	90	21	10
90	89	21	11
90	89	21	11
90	89	21	11
90	90	21	10
90	90	22	11
90	90	21	11
90	90	22	11
90	90	22	11
90	90	22	12
91	90	21	11
90	90	22	12
90	90	22	11
90	90	22	11
91	90	21	11
91	90	21	11
91	90	21	11
91	90	21	11
91	90	21	11
91	90	21	11
90	90	22	11
90	90	22	11
91	90	21	11
90	90	22	11
91	90	21	11
91	90	21	11
90	90	22	11
90	90	22	11
90	90	22	11
90	90	22	11
91	90	21	10
90	90	22	11
91	90	21	11
90	90	22	11
90	90	22	11
90	89	22	11
91	90	21	10
90	90	22	11
91	90	21	11
90	90	22	11
91	90	21	11
90	90	22	11
91	90	21	11
90	90	22	11
90	90	21	11
90	90	22	11
90	90	22	11
90	90	22	11
91	90	21	11
91	90	21	11
91	90	21	11
91	90	21	11
91	90	21	11
91	90	21	11
91	90	21	11
91	90	21	10
91	90	21	11
91	90	21	11
91	90	20	10
91	90	21	11
90	90	22	11
91	90	21	11
90	90	22	11
90	90	22	10
91	90	21	10
91	90	21	10
91	90	21	10
91	90	21	11
91	90	21	11
91	90	21	11
91	90	21	11
91	90	21	10
91	90	21	11
91	90	21	11
90	90	22	11
91	90	21	11
91	90	21	11
91	90	21	11
91	90	21	10
91	90	21	11
91	90	21	10
91	90	21	11
91	90	21	10
91	90	21	11
91	90	21	11
91	90	21	11
91	90	21	10
91	90	21	10
91	90	21	10
91	90	21	10
90	90	22	11
91	90	21	10
91	90	21	10
91	90	21	10
91	90	21	10
91	90	21	10
91	90	20	10
91	90	20	10
91	90	20	10
91	90	20	10
91	90	20	10
91	90	20	10
91	90	21	10
91	90	20	10
91	90	20	9
91	90	20	10
91	90	20	10
91	90	21	10
91	89	21	10
91	90	20	10
91	90	20	10
91	90	20	10
91	90	20	10
91	90	20	10
91	90	20	9
91	90	20	10
91	90	20	9
91	90	20	10
91	90	20	10
91	90	20	10
91	90	20	10
91	90	20	10
295.18265	222.06734	18.093826	15.913578
289.47144	220.68411	23.076204	17.267263
288.0359	220.59282	22.285133	14.94084
285.74503	219.08406	25.70487	18.142433
282.21332	216.61736	27.558126	26.746614
269.16235	212.57959	38.333755	32.465137
91	90	20	10
91	90	20	10
91	90	21	10
91	90	20	10
91	90	20	10
91	90	20	10
91	90	20	10
91	90	21	10
91	90	20	10
91	90	20	10
91	90	20	10
91	90	20	10
91	90	20	10
91	90	20	10
91	90	20	10
91	90	20	10
91	90	20	10
91	90	20	10
91	90	20	10
91	90	20	10
91	90	20	10
91	90	20	10
91	90	20	10
