108.0	124.0	19.0	17.0
107	123	20	20
108	123	19	16
107	123	20	20
108	123	19	16
107	122	20	20
108	123	19	16
109	123	18	16
107	123	19	15
86.13819	102.208954	50.152576	35.683304
131	146	20	21
130	146	20	22
130	146	21	22
130	146	21	22
131	146	20	23
130	144	21	24
130	146	21	23
130	145	21	23
130	146	21	23
130	146	21	23
130	145	21	24
131	146	20	23
130	146	20	23
130	145	21	24
130	145	21	25
129	144	22	25
129	146	21	23
131	146	20	24
130	145	22	24
131	145	21	23
130	146	21	22
130	146	21	22
131	147	21	21
130	146	22	22
130	147	21	22
131	146	20	22
130	145	21	23
131	146	20	23
131	146	19	23
131	145	20	23
130	146	21	22
130	145	21	23
131	146	20	22
130	145	21	24
130	145	21	23
131	145	20	23
130	145	21	23
130	146	21	22
130	146	20	22
130	145	21	25
130	146	21	24
130	146	22	21
130	147	21	21
125	149	18	18
128	159	10	11
163.60716	55.01402	16.272755	13.904714
163.21893	54.57567	15.9821205	14.54254
163.02734	55.080437	16.255327	14.149831
163.90672	54.89836	15.573585	14.732657
163.22475	55.04171	15.727333	14.956175
163.20842	54.697796	15.740934	14.785918
163.34947	54.223183	15.587207	14.780317
134	130	15	14
134	132	20	15
139	131	23	23
142	132	22	20
147	132	21	18
150	133	21	17
152	134	23	21
154	136	21	20
156	138	21	17
157	139	22	17
159	139	23	18
163.67638	54.96142	15.802221	15.204067
167	145	20	18
169	146	21	18
171	147	22	16
174	149	21	19
179	151	20	16
163.97867	54.577415	15.480273	14.27371
157	146	18	16
163	148	17	16
169	151	16	15
174	152	17	16
176	154	18	15
161.54713	42.151566	36.381123	35.471428
127.8074	-1.4028282	110.09653	106.21173
191	160	14	13
194	161	14	13
199	162	14	13
203	161	17	15
205	162	18	15
206	161	19	17
207	157	21	19
340.98987	139.62228	20.661802	19.396772
340.9074	139.31519	20.912498	19.815313
248	169	25	22
340.34476	139.45679	21.678535	20.397484
247	170	28	23
339.8838	139.65666	22.04251	20.081108
340.22275	138.86603	21.667715	20.33166
339.83633	139.06863	22.218946	20.60806
248	172	27	20
339.6408	139.00552	22.610598	20.421864
249	170	26	22
340.49573	139.12491	22.446733	21.028435
340.59265	139.4733	23.136017	20.963392
251	170	25	22
341.2444	147.13232	21.375473	14.011112
251	169	24	22
251	169	24	23
252	168	23	23
342.79816	139.1059	22.205559	20.3806
344.23395	138.17416	20.136393	19.509033
253	169	22	22
342.18378	137.54817	19.933195	19.201576
341.4161	137.2343	20.10162	20.360933
342.02747	137.68275	19.096876	18.995056
341.40698	137.88173	19.496687	20.285254
250	168	24	22
341.5242	138.28494	19.243206	20.018843
341.40976	137.26056	19.46044	20.496702
252	169	22	23
251	168	25	23
250	167	25	22
343.86606	136.20714	18.576984	20.268518
344.50748	136.9716	18.555069	18.731468
344.78284	136.90688	18.700817	18.632938
345.55884	136.92319	18.260447	18.179386
344.53387	136.71161	19.575151	18.788712
345.87164	135.6896	19.464586	19.107254
188	180	23	25
189	181	21	22
350.4969	118.709854	35.85894	28.254417
188	181	23	22
188	182	23	23
188	182	23	24
280.69098	117.6324	29.706501	29.971258
188	180	23	23
190	180	22	24
262.85812	126.27493	29.967827	32.043827
188	181	22	24
189	179	23	26
188	180	24	26
247.60516	168.5221	28.175407	23.403091
188	180	22	24
188	180	23	25
189	180	22	25
188	181	23	24
188	180	24	25
248.36377	168.72821	27.23323	23.238213
189	181	22	23
189	180	22	24
188	182	23	24
247.82404	169.69359	28.710388	22.271446
247.69876	169.53203	28.060053	22.815483
248.4519	169.82324	28.091543	22.346012
189	182	22	23
190	182	20	19
248.49321	168.65488	28.791962	23.232979
247.9017	169.3103	27.948858	23.324041
189	159	21	17
248.1315	168.7899	27.427563	23.239779
189	159	21	17
189	159	20	17
248.19135	169.00847	27.955507	23.187681
210	158	22	21
248.86818	169.10388	27.663424	23.08136
210	158	22	20
248.22612	168.89868	27.509546	23.135921
210	158	22	21
248.31334	168.58096	27.615337	23.558792
210	158	22	20
247.9278	168.63393	28.585642	23.563435
248.29973	169.73312	28.428682	23.0821
248	168	28	23
248	168	28	23
247	169	28	23
248	169	28	23
247	169	28	23
248	169	28	23
247	169	29	23
247	168	28	23
248	168	29	23
247	169	28	23
248	169	28	23
248	168	28	23
247	168	28	23
248	168	28	23
248	169	28	23
247	169	28	23
248	169	29	23
248	168	28	23
247	169	28	23
248	169	28	23
248	169	28	23
248	169	28	23
248	169	28	23
247	169	28	23
247	168	28	23
247	168	28	23
248	169	28	23
247	168	28	23
248	169	28	23
247	169	28	23
247	169	29	23
247	168	28	23
247	169	28	23
247	169	28	23
248	169	28	23
247	168	28	23
248	168	28	23
248	169	28	23
247	169	27	23
248	169	29	23
247	169	27	23
247	169	28	23
248	169	28	23
248	169	27	23
247	169	28	23
247	168	28	23
248	169	28	23
247	168	27	23
248	169	28	23
248	168	27	23
248	169	28	23
248	168	27	23
248	168	27	22
248	169	27	22
248	169	28	23
247	169	27	23
248	168	28	23
248	169	27	23
248	168	28	23
248	168	27	23
248	168	27	23
248	168	27	23
247	169	27	23
248	169	28	23
247	169	27	23
248	168	28	23
248	168	28	23
247	169	27	23
249	168	28	23
250	168	26	23
250	169	26	23
250	168	26	23
249	168	26	24
249	168	26	24
250	168	27	24
249	168	27	24
249	168	27	24
248	168	27	24
249	168	27	24
250	168	26	23
249	168	27	24
249	168	26	24
250	168	27	23
249	168	27	23
249	168	26	23
249	168	27	23
249	168	26	23
249	168	26	24
249	168	26	24
249	168	27	24
251	168	25	22
250	168	27	23
249	168	27	23
249	168	26	23
249	168	26	22
248	169	27	23
248	168	27	23
250	169	25	24
247	169	28	23
247	168	27	23
247	169	27	22
247	169	28	23
248	169	28	22
247	169	28	23
247	169	28	23
248	168	27	22
248	172	26	21
252	169	24	22
248	169	27	22
247	177	23	14
251	150	22	19
251	150	22	19
250	150	22	22
251	151	22	24
251	150	21	22
250	151	22	19
251	151	22	19
251	151	21	18
251	151	22	17
252	150	21	18
252	150	21	18
253	150	21	18
253	150	21	17
255	150	19	17
257	150	18	15
259	150	16	15
260	150	16	15
259	149	17	15
259	150	18	15
259	150	19	16
258	150	20	16
259	150	20	19
260	150	20	18
260	150	20	19
257	150	22	17
259	150	22	17
259	149	22	17
258	149	22	17
258	150	22	18
257	149	22	19
254	169	22	22
254	169	21	22
253	169	21	23
255	169	20	22
254	169	20	22
255	169	20	22
256	168	19	22
256	169	18	22
257	168	18	21
259	150	21	17
260	150	21	17
261	149	21	19
261	149	22	21
262	149	22	22
263	149	21	21
264	149	21	22
265	148	21	22
266	149	21	21
267	149	21	21
267	149	21	22
268	149	20	20
268	148	21	20
269	149	21	21
268	149	21	22
269	150	21	22
268	149	21	21
269	149	21	22
269	150	20	21
268	149	21	20
268	150	21	22
268	149	22	22
269	149	21	20
269	149	21	21
268	149	22	21
269	150	21	20
269	150	22	21
268	149	22	21
269	149	21	21
270	149	20	21
268	149	21	21
268	150	21	21
268	149	22	21
269	148	20	21
268	149	21	22
268	148	21	21
268	149	22	21
269	148	21	21
268	149	21	21
268	149	22	21
269	150	21	20
268	149	21	21
268	149	22	21
269	150	21	21
268	149	21	21
268	149	21	20
267	149	22	22
268	149	22	22
268	149	21	21
267	149	22	20
269	149	21	20
268	149	21	20
268	148	21	20
268	149	21	20
269	149	21	20
267	149	23	21
269	149	21	20
249	169	26	22
248	168	26	23
249	169	26	22
250	169	25	22
250	169	25	22
250	169	25	23
251	168	23	22
251	169	25	23
251	168	24	23
251	168	24	23
251	169	23	23
253	169	23	23
251	169	25	23
249	169	26	23
248	169	27	23
247	168	28	23
247	169	28	23
247	169	28	23
245	167	32	26
268	149	22	21
268	149	22	21
268	148	22	22
269	149	22	21
269	149	22	20
274	149	14	15
273	149	17	18
271	149	19	21
267	149	23	23
251.85843	169.62129	24.207088	22.934834
250.20903	169.43903	25.85355	22.810184
248	169	27	22
248	169	27	22
247	169	28	22
248	168	28	22
247	169	28	22
247	169	27	22
247	169	27	22
247	169	27	22
248	168	26	22
247	168	26	22
247	168	27	22
248	168	26	22
248	169	26	22
248	169	26	22
249	168	26	23
248	169	26	22
249	169	26	22
248	169	26	22
249	169	27	22
248	169	26	22
249	169	26	22
248	169	27	22
248	169	27	22
249	172	23	19
251	172	22	19
250	171	19	16
250	179	16	12
236	161	20	19
232	165	22	17
233	169	20	15
230	171	20	14
229	174	15	12
213	166	15	15
202.50452	162.55084	30.230286	23.75687
216	169	13	13
184.434	157.35074	19.771313	16.904758
185.09357	157.7167	19.61419	16.169456
184	158	19	15
186	158	18	15
184	158	19	15
183	158	19	15
183	158	19	15
183	158	19	15
183	158	20	15
183	158	20	15
183	158	19	15
182	158	19	15
183	158	20	15
183	158	18	16
183	157	20	16
182	158	20	15
182	158	20	15
183	158	20	15
182	158	20	15
182	158	20	15
183	158	19	14
183	158	20	14
182	158	19	15
182	157	19	15
183	158	19	15
182	158	19	14
182	158	19	15
183	158	19	15
183	158	19	14
183	158	19	15
182	158	19	15
183	158	19	14
182	157	19	15
183	158	19	15
183	158	19	14
183	158	18	15
182	157	19	15
182	158	19	15
183	158	19	15
183	157	18	16
182	158	19	15
182	158	20	15
182	158	20	15
182	158	19	15
182	158	19	15
182	159	20	15
182	158	20	15
183	158	18	16
182	157	19	15
182	158	18	15
182	158	18	15
182	158	18	15
181	158	17	15
181	158	17	15
182	159	16	15
181	159	16	15
181	160	17	15
181	160	16	14
181	160	16	14
180	161	16	13
180	160	16	14
180	161	17	14
180	162	12	12
179	162	12	10
180	163	11	11
177	164	13	10
174	164	14	8
173.691	157.75073	20.028805	16.680618
167.3748	141.86935	47.68161	46.189198
249.86263	172.01035	27.37644	22.859434
250.08238	171.591	26.31858	23.310417
250.90688	171.42174	26.492348	23.310223
250.40298	170.88513	26.08046	23.017052
250.61322	170.96294	26.033451	23.320162
250.31473	170.92938	26.821579	23.070093
251.48624	171.44095	26.039808	22.700756
250.92453	171.18823	25.453253	22.819502
251.81612	171.21999	25.585772	23.621857
251.57909	170.88263	25.821512	23.003508
250.7618	171.43785	27.019867	23.34376
249.55359	171.09207	28.368395	23.469315
248.82852	170.93262	28.00078	23.3999
249.59656	170.6666	27.195908	23.478992
250.7902	171.18942	26.25456	23.131643
183	158	18	16
183	158	19	17
183	158	19	16
183	158	18	17
183	159	18	16
183	158	18	17
182	158	20	18
183	158	19	17
183	158	18	17
253.71712	170.27458	25.214766	23.889801
183	158	18	16
183	158	18	17
182	158	19	17
268.6614	150.44754	21.708828	21.537361
183	159	17	16
183	158	18	16
183	158	18	17
268.1135	150.8861	21.84188	21.386137
267.79407	150.43904	21.766228	21.671978
184	159	17	15
268.36282	150.64859	21.79203	22.151875
184	159	18	16
268.13556	150.96303	22.036732	21.854185
267.9116	150.39735	21.85553	21.311028
267.3044	150.5876	22.537186	22.597008
268.1413	150.50313	22.049938	22.292503
268.5622	149.83147	22.184332	22.295774
211	160	18	18
270.45236	148.63863	21.698622	19.819304
272.8791	147.91214	21.027697	20.75758
275.49414	146.95082	19.120474	21.747942
273.4979	147.40623	20.748055	22.912004
237.09853	153.38232	30.769617	27.667768
237.79318	154.62457	37.063282	27.123182
257	163	24	17
260	159	29	19
233.71939	157.76082	27.759172	19.391916
231.3833	159.64851	25.356544	17.085657
239.45607	159.68611	21.018349	16.172874
245	161	20	15
250	160	21	16
229.25279	148.89708	44.743675	31.831642
275.84155	141.75783	57.898922	34.9665
312.22382	156.03522	24.134436	19.563831
298.45773	142.74487	31.130653	25.141727
294.986	153.47958	42.087196	21.963795
285	158	28	17
292	156	26	18
297	153	28	21
305	155	22	19
309	157	21	16
311	156	21	16
315	156	20	16
318	156	20	15
321	152	21	18
323	150	22	20
325	149	23	20
328	144	24	25
330	143	27	26
333	142	27	26
334	141	26	28
337	141	24	26
337	142	25	26
335	140	26	25
335	141	28	25
333	138	37	31
400.04544	139.12492	28.220493	19.878027
419.05603	141.8819	19.870865	14.98321
419.74008	141.86154	19.745739	15.149431
420.01675	141.5089	19.20602	14.98015
