347.0	92.0	22.0	9.0
348	91	20	10
347	91	20	10
346	91	20	11
343	91	21	10
343	91	20	10
341	92	19	9
340	92	20	10
339	92	20	10
338	92	21	10
337	91	20	10
337	93	19	9
335	92	20	10
334	92	18	10
334	93	20	10
332	93	21	10
331	93	22	11
330	94	21	10
328	94	20	9
328	94	21	10
326	94	22	10
324	95	21	10
324	96	20	9
322	95	23	10
321	96	21	9
319	96	21	10
318	96	21	10
317	97	20	10
315	96	21	10
315	97	21	9
313	96	20	10
314	97	18	10
311	96	20	10
311	96	18	9
309	96	21	10
309	95	21	10
307	95	22	10
307	95	20	10
306	95	19	10
306	95	17	11
306	93	18	11
304	94	19	10
302	94	19	10
302	94	19	10
301	94	17	10
301	94	17	10
300	95	18	10
299	94	18	10
299	95	17	10
298	94	18	10
297	95	18	9
296	95	17	9
295	94	19	11
293	92	20	12
289	91	22	14
286	90	23	16
283	90	25	17
284	90	23	19
282	92	26	16
281	90	24	18
282	90	24	18
280	90	25	21
277	87	30	26
274.37952	80.18229	45.493793	42.420513
353.34705	91.94552	18.8196	9.4197855
355.45715	91.651924	19.343565	10.238145
353.86676	91.48161	21.06312	10.416719
355.10156	91.48894	19.483955	9.82718
355.3408	91.24142	19.298773	10.244003
355.58478	90.92056	19.46515	9.89582
355.186	90.94841	18.645414	9.822474
354.4818	89.70124	18.820026	10.34587
355.00812	89.94836	18.80854	10.548873
353.6204	90.4821	18.804703	8.763032
353.18793	90.84499	19.07487	9.414965
353.42514	88.952896	18.919844	10.370392
353.65997	88.72508	19.822748	9.950113
353.3081	89.92278	19.236029	9.623438
352.44324	89.63651	20.700195	9.556712
350.97162	89.80911	22.01873	9.042961
350.85516	89.54057	21.46536	8.968805
348.54764	89.825455	23.13203	8.726618
349.64697	90.29239	20.237427	8.859062
348.70804	89.92822	21.123146	9.196831
349.4825	88.91207	18.840899	9.296829
349.48593	89.43703	19.413046	9.403378
348.54034	89.773865	19.896036	9.28487
347.87555	89.684814	20.16892	9.557766
347.5795	89.85408	19.187971	9.556761
346.71173	89.93207	19.396385	8.720818
346.7416	90.18929	20.449186	9.569873
346.303	90.444145	19.308203	9.339083
346.3858	90.931206	19.133656	8.929541
345.96503	91.01174	19.637854	9.197642
345.5463	90.099976	19.922058	9.548164
345.28214	90.89099	20.478214	9.618551
345.33582	90.31991	20.324173	10.047079
345.76172	90.852974	20.147604	9.652425
345.51794	90.07166	20.265203	9.838186
345.77417	91.03555	20.418304	9.807759
345.99316	90.94619	19.723946	9.829239
344.47342	90.30252	21.69857	9.800349
345.27524	90.23624	20.56628	9.770816
345.78717	90.00129	19.499111	9.470115
346.37592	90.160515	18.441137	9.723992
345.92575	89.903755	20.405745	9.860836
345.932	90.3472	20.30246	10.501737
346.37372	89.88968	19.525913	9.372619
345.66397	89.87967	20.798365	9.667236
389	19	28	14
346.4557	90.14936	20.634882	9.664932
346.27234	90.904785	21.177486	9.380064
346.60526	90.55631	19.783764	10.045757
346.4789	90.513565	19.487358	10.458889
346.21405	90.21113	20.403122	10.089315
346.67688	91.308365	19.7471	9.316552
345.577	90.860886	20.70413	9.802858
345.2572	90.782234	21.651217	9.813677
408	80	21	11
344.66632	91.67076	21.566097	10.513039
345.49396	91.92726	21.136023	9.62829
346.50354	91.54835	19.775322	10.430063
345.58145	91.73759	21.105293	10.027359
342.79156	92.086845	23.613264	10.518718
344.01196	91.84055	22.209248	10.180245
343.4008	92.44478	22.294039	10.2273245
342.59415	92.126076	21.796862	10.2400675
341.16684	92.16514	24.37874	10.105298
345	92	17	8
342	91	23	10
344	93	18	9
346	94	15	8
343	94	18	11
342	92	22	10
342	91	21	10
339	91	23	10
340	91	21	10
340	91	22	9
341	91	22	10
341	92	21	9
341	92	20	9
343	90	19	9
341	90	20	9
340	91	20	9
341	90	19	9
341	90	20	9
340	90	20	10
339	92	16	7
341	92	18	8
340	92	15	7
339	91	21	9
339	91	17	8
341	92	16	8
339	92	19	9
338	93	18	9
338	94	16	7
336	94	19	8
337	94	20	9
339	94	19	8
339	94	15	7
337	93	19	9
337	93	19	9
342	95	17	9
339	94	17	8
340	93	16	8
337	94	20	9
340	94	19	8
339	95	18	8
338	94	19	9
338	93	21	9
335	94	21	9
338	93	20	9
339	94	22	9
338	94	20	9
339	93	20	10
336	94	21	9
337	95	20	8
337	94	22	9
338	93	20	10
338	94	19	10
337	95	21	10
339	95	21	10
338	94	23	10
339	96	17	8
338	96	22	10
339	95	21	10
340	96	17	9
340	96	22	11
339	95	24	12
340	96	24	12
338	96	23	11
339	96	22	12
339	97	24	12
341	101	22	10
342	102	22	12
341	100	22	12
341	100	22	12
341	100	21	12
341	100	21	12
340	101	25	12
341	100	22	12
341	101	23	12
341	102	22	11
340	102	21	11
340	102	23	11
341	102	22	10
341	104	22	10
342	102	18	10
341	101	19	11
339	103	22	10
341	103	19	10
338	101	24	11
340	103	15	9
340	102	21	10
340	100	22	12
336	100	22	12
337	99	23	12
337	97	22	13
338	96	21	12
339	98	18	9
337	96	22	10
338	94	22	10
339	94	19	9
340	93	18	9
338	91	18	9
340	91	18	9
339	88	19	9
339	87	20	9
340	85	19	10
336	84	24	9
339	84	20	8
339	80	21	10
336	80	26	10
346	80	16	8
338.06458	77.57712	25.47337	9.947083
347	77	17	8
346	76	18	9
339	75	25	10
338	73	26	11
338	72	26	11
338	71	27	12
339	71	25	11
340	70	24	11
337	69	28	12
346	72	19	8
338.01627	68.869804	28.695765	11.165791
346	70	17	8
316.6543	68.2188	41.487343	12.485439
327	71	13	7
339.47687	68.71944	26.800756	11.576108
319	71	18	9
338	66	26	11
346	69	20	8
339	67	25	11
346	67	19	9
343	67	22	10
338	66	28	12
338	66	25	11
340	66	23	11
343	66	22	10
343	65	22	10
340	65	24	11
340	65	24	12
338	66	27	11
338	65	26	12
341	68	21	10
337	68	27	12
337	69	28	12
337	70	27	12
338	71	26	11
339	71	26	13
339	74	25	12
338	74	26	11
338	76	26	10
338	77	27	10
351	79	14	7
340.20163	78.83354	24.27621	11.672073
339.90808	80.43924	25.095734	11.339174
341.34174	81.345375	23.854746	10.666372
310	58	19	9
312	57	19	9
310	56	20	9
309	53	20	10
310	53	19	9
310	52	19	10
310	52	18	9
308	51	21	10
309	51	21	9
309	51	20	8
344.7569	93.06602	21.079903	10.147657
341.83325	93.78499	22.894869	10.4648075
342.85385	93.72715	23.228178	10.823198
343.4296	94.25997	22.627525	11.597462
305	46	23	10
303	46	24	10
340.95865	94.73222	24.62753	12.044029
304	44	25	11
341.25235	97.74879	23.310846	10.244306
306	44	24	10
307	44	23	10
339.6336	98.17873	24.839228	12.429634
341.31705	100.18683	20.862082	12.639553
339.93982	99.01995	22.498009	12.10613
340.24854	100.3683	22.427551	12.108331
340.13525	100.41472	23.502882	12.570185
340.93094	100.995224	22.21684	12.013646
341	101	23	10
341	102	22	11
341	103	23	9
342	102	22	11
342	102	22	11
341	103	24	11
343	103	25	10
343	104	23	10
346	104	19	9
346	105	20	9
345	103	20	10
348	102	17	10
347	101	19	12
345	100	22	13
347	98	22	12
345	96	23	11
348	96	21	11
350	94	18	10
347	93	20	10
348	91	20	10
349	91	19	9
349	89	18	9
347	87	22	10
348	86	20	9
348	84	17	10
348	83	19	9
344	81	19	11
347	81	22	10
351	79	19	9
347	78	21	9
350	77	20	10
348	76	20	9
345	74	24	10
342	73	26	12
350	75	18	8
341.2039	70.98932	27.38519	12.964712
341.52823	71.63072	27.054323	12.172165
341	70	25	11
340	70	26	11
341	70	25	12
340	70	26	11
341	70	25	10
341	71	24	10
341	69	25	11
339	69	27	12
339	68	27	11
339	69	26	11
347	71	18	8
339.37888	68.88493	27.48335	11.741157
339.99493	68.76381	27.082657	11.497249
339.87067	69.19608	27.133171	11.483075
348	71	18	8
338.40338	68.80418	28.036768	12.002088
339.77286	69.14521	27.624014	11.554952
339.81674	69.198616	27.851978	11.632864
340	70	26	10
345	71	20	10
341	70	26	10
340	70	27	11
345	72	21	10
341	70	26	11
347	73	19	9
341	71	25	11
340	71	26	11
341	71	25	12
346	74	20	10
341	71	26	11
346	76	18	8
344	71	24	12
342	71	25	11
342	71	25	11
343	71	25	11
342	70	27	11
343	71	26	11
343	70	27	11
343	70	26	11
342	70	27	11
343	70	27	11
349	73	20	9
344	69	27	11
342	70	29	12
344	70	27	12
344	70	27	12
345	71	26	11
345	71	26	13
345	72	27	12
346	73	26	12
345	74	27	10
345	74	27	11
345	74	27	10
345	75	26	11
345	76	27	10
345	76	27	11
345	76	24	11
345	78	19	9
344	77	25	12
344	78	25	12
343	78	27	12
345	80	24	9
344	80	28	10
348	82	23	10
349	82	15	9
347	83	18	8
346	84	19	8
346	83	20	9
346	84	20	9
345	84	19	9
343	84	22	9
345	85	19	9
343	85	22	9
342	85	23	10
342	84	20	10
342	85	20	9
341	86	21	9
344	87	18	7
345	86	16	7
343	87	19	8
341	87	20	8
340	87	22	8
339	87	21	9
342	87	19	8
343	87	19	8
341	88	21	8
342	87	21	9
341	88	20	8
342	87	18	10
341	87	20	10
340	87	21	9
342	87	18	10
342	88	18	10
342	88	18	9
340	87	20	9
339	88	23	8
341	87	19	8
341	88	19	8
341	88	16	8
340	87	19	9
340	87	19	9
341	87	13	8
339	88	16	7
339	86	18	9
340	86	15	10
340	86	19	10
339	86	21	10
