174.0	57.0	20.0	147.0
173	57	20	146
173	57	21	144
173	56	21	146
173	57	21	144
173	56	21	145
173	56	21	146
173	56	21	146
173	57	21	145
174	58	21	146
174	58	21	145
173	58	21	146
172	58	22	144
173	57	21	146
173	58	21	145
173	58	21	144
172	59	21	150
173	58	21	145
174	55	21	151
175	55	21	152
177	56	21	148
180	56	21	153
185	54	22	157
192	57	19	155
203	120	20	97
208	100	23	117
206	49	29	164
213	53	29	160
214	13	37	203
171.02953	73.94939	24.564436	113.74996
235	0	36	217
240	43	27	173
242	41	26	185
247	49	21	174
245	27	22	159
169.89355	80.64922	28.927883	97.978836
171.47269	72.79663	24.863512	114.91019
263	66	29	160
269	94	27	124
280	136	19	79
279	63	22	154
285	106	24	105
289	76	23	140
290	61	22	149
293	42	22	175
297	54	22	159
302	66	20	138
305	70	20	133
308	64	19	138
313	92	16	104
308	42	20	156
309	41	21	156
307	37	22	160
309	40	22	159
308	39	21	157
306	39	22	165
303	46	21	154
302	64	21	139
299	81	20	124
291	64	21	142
286	61	20	148
280	103	19	107
174.58179	61.894432	20.279854	136.28444
257	49	20	167
255	51	22	170
173.90323	62.239014	21.099115	134.14697
237	69	23	149
166.86957	88.989975	35.60114	78.45042
165.65623	89.992676	37.179596	76.43543
166.53143	90.55203	34.04694	77.00655
204	58	18	151
197	72	17	143
191	66	13	87
182	63	18	145
174	60	22	142
170	57	20	145
165	57	21	144
162	53	23	145
162	54	22	141
164	52	22	140
165	54	22	136
169	53	21	135
174	49	19	138
179	41	19	161
187	63	22	123
199	53	21	130
171	77	27	103
170	84	28	91
172	71	23	113
172	77	23	105
172	71	21	115
172	74	22	109
173	69	21	118
171	78	25	102
174	66	21	126
173	73	23	116
171	80	25	98
170	80	26	98
171	74	25	109
169	86	30	86
172	77	25	108
172	77	25	105
171	85	28	88
173	77	25	106
172	78	26	104
171	81	27	97
174	70	21	121
174	70	21	124
173	81	26	97
173	75	24	109
171	74	24	112
173	69	23	122
168	86	30	85
172	74	23	111
171	77	25	104
171	68	30	123
192	0	18	149
178	47	20	157
172	2	19	160
169	0	19	150
169	18	19	157
177	18	19	147
186	36	19	147
197.40874	50.706078	19.500956	139.67407
210.21898	51.39312	22.989483	145.33337
171	73	25	113
171	77	25	103
175	58	19	138
172	68	22	123
167.62689	88.79536	33.944775	81.29143
166.67172	89.467804	36.15367	78.45529
167.93762	89.092865	33.541306	81.11487
170	81	27	100
170	78	27	103
168	86	32	86
168	86	30	86
171	78	26	104
168	88	32	83
167	87	33	83
167	88	35	79
167	88	33	81
169	86	29	85
170	82	27	94
170	76	25	105
168	86	32	84
167	90	33	78
172	75	24	111
173	69	23	121
204.92804	55.909393	23.098585	148.75085
190	66	22	130
182	47	20	152
171	45	21	149
165	58	23	130
161	57	25	124
158	25	30	148
165	9	22	163
173	7	21	157
175	71	26	109
167	82	35	89
167	90	35	80
167	87	36	82
168	86	30	86
171	77	24	105
170	82	26	94
170	85	29	87
171	81	26	96
171	84	28	90
170	86	29	88
171	82	28	92
172	75	24	107
171	79	26	102
173	70	25	116
210.37036	59.29738	21.818344	134.96796
207	50	20	152
209	60	20	142
214	60	23	146
217	9	34	207
167.04153	89.61355	35.22021	81.228134
248	68	20	157
266	73	17	142
282	66	22	157
290	67	24	161
287	55	21	168
289	51	22	178
290	69	22	157
286	56	25	180
290	105	24	132
293	86	20	143
295	84	18	152
296	84	21	153
299	88	19	146
298	83	20	150
296	78	17	145
295	91	19	134
289	70	22	151
290	106	17	113
290	121	15	102
287	97	19	128
283	65	21	167
281	93	19	136
277	113	16	119
275	102	18	131
276	59	17	138
276	48	23	174
274	57	19	140
271	58	20	160
170.8821	78.58864	26.032501	101.62963
258	75	26	135
260	60	20	145
264	134	18	83
271	51	12	63
171.53851	73.80664	24.76549	112.93302
171.18446	66.075424	29.59189	126.88642
192.48578	59.45324	22.990211	141.5464
279	62	12	76
177.84792	56.695953	21.088707	142.32204
178.03957	55.583237	21.398281	141.36409
186.16035	53.52852	20.662222	142.71632
272	66	16	135
271	62	16	134
264	50	20	145
256	52	20	148
253	37	24	179
260	43	21	149
268	66	16	136
267	79	16	122
262	84	16	120
258	119	15	82
256	53	18	144
255	45	20	155
256	47	18	150
251	36	20	168
248	48	21	146
170.46976	80.497444	28.068972	100.00008
249	84	16	102
250	92	14	94
254	46	20	149
259	52	20	147
172.00668	72.70872	25.241272	112.92351
277	57	20	149
281	57	19	152
280	56	20	155
280	63	20	147
282	45	18	155
285	47	19	154
290	69	20	128
287	45	19	152
276	30	26	188
280	32	22	181
279	33	22	182
293	88	20	111
288	75	19	129
284	65	16	131
276	64	17	133
272	69	15	126
273	69	17	127
276	64	18	130
280	56	20	139
283	70	20	122
171.46149	75.93795	26.530273	108.447525
280	45	20	147
287	55	19	139
288	52	20	142
282	45	21	150
277	38	22	161
275	49	23	149
278	47	26	155
290	65	21	141
291	59	23	153
292	51	19	149
291	61	22	152
292	65	20	144
290	64	21	140
289	67	20	134
284	46	20	151
280	61	20	142
280	37	19	149
280	48	21	153
279	57	22	146
286	68	17	134
286	60	19	150
285	44	19	158
284	38	21	167
283	59	19	144
281	49	19	151
280	74	18	124
280	60	19	135
276	55	23	139
279	51	20	145
281	49	20	137
284	55	20	128
283	49	21	142
285	51	21	144
288	56	29	149
292	55	21	155
289	44	25	150
314	95	20	113
305	59	21	150
298	56	24	150
296	68	23	134
290	53	23	141
298	57	18	130
297	47	19	125
169.23564	78.8533	29.733046	101.04189
299	56	19	127
298	80	20	107
171.3053	78.96741	26.879602	99.70519
172.2608	75.57666	25.69271	108.43561
277	57	17	135
279	87	14	109
281	63	18	143
282	38	18	165
284	59	20	148
283	66	22	140
282	66	23	131
271	60	20	132
169.8533	81.79074	27.97954	95.68469
257	58	19	120
255	29	21	159
257	23	20	167
265	71	18	120
172.48886	66.795654	22.506414	125.87829
277	49	23	167
165.31174	90.145	37.326714	77.2
168.09439	89.79317	34.634304	78.6881
170.46277	82.81195	29.393204	97.61402
204.06024	62.194397	37.67646	133.8457
213	47	21	154
168.24112	79.26788	32.55062	98.74656
168.77438	83.00481	29.469	93.79263
167.97963	89.92894	33.92843	79.87778
171	78	26	103
169	82	28	95
170	81	28	95
168	86	30	86
173	70	22	119
171	78	28	104
167	87	33	83
170	79	29	99
169	87	32	85
169	84	30	92
170	79	29	101
166	89	35	80
165	88	36	80
166	87	35	81
166	88	35	80
167	89	34	79
171	78	27	106
208.83661	57.98844	25.843626	145.37364
200	33	21	184
199	39	20	176
208	60	24	139
215	0	35	199
169.39896	84.73381	30.136738	91.01754
168.9838	88.50334	33.199097	82.61869
269	43	18	152
168.16615	88.12126	33.69296	82.283104
243	38	18	165
169.2503	86.017624	31.642155	86.74893
215.0298	54.69004	33.208702	138.49997
204.58156	37.337814	33.98856	157.95412
306	76	22	145
294	33	24	177
294	75	26	143
170.55327	77.58053	27.858973	102.53175
171.60223	78.017	26.217018	103.485374
319	92	24	105
338	62	21	136
343	55	20	150
341	59	22	143
332	68	20	141
169.5682	83.89014	28.345793	92.742516
172.20976	68.520615	24.107552	116.73698
169.55234	87.155334	31.49384	85.88355
330	91	22	138
333	79	22	153
334	80	22	151
334	84	22	146
332	93	19	139
329	91	21	142
330	93	19	138
331	93	20	139
330	90	19	141
334	100	20	133
328	82	23	151
330	86	22	140
334	86	20	146
329	64	22	169
327	63	22	149
329	65	22	167
324	54	21	145
327	35	24	185
328	0	34	217
340	54	24	166
335	45	25	179
325	62	22	145
172.02924	80.9749	27.978601	97.597145
169.771	83.50696	30.359299	92.3216
169.96498	85.93906	31.353249	88.03109
171.9434	77.412994	26.066065	103.086975
205.79614	41.20752	20.095942	149.26855
194.73097	51.892487	20.693127	138.11356
282	47	19	153
297	42	22	154
170.93852	64.41702	22.171125	128.79816
171.56175	83.62628	28.965559	91.63813
257	51	16	119
280	63	19	126
278	54	20	137
172.47925	78.562935	26.676262	102.63945
171.10461	84.16015	31.318302	91.70964
292	51	20	145
284	58	18	140
288	74	16	125
294	39	19	162
306	89	17	116
314	100	16	110
169.10538	86.71208	33.189598	85.7543
321	93	18	127
324	97	19	125
327	87	21	138
330	105	18	114
332	115	17	102
329	109	19	107
173.34274	85.429535	32.61821	89.27606
171.97014	86.62561	33.13358	87.04748
168.1777	88.32497	36.223824	82.93075
166.85904	91.63641	38.765427	78.0888
168.42369	78.72005	33.52701	99.89737
165.6223	90.617355	41.027203	78.57794
169.86742	78.43352	28.921795	107.93278
169.45836	78.79927	29.34513	104.866005
170.75891	73.36519	24.789253	113.27659
170.18202	76.9908	28.496729	103.86386
287	85	18	144
300	78	19	148
310	95	19	139
320	103	17	134
301	2	20	146
322	105	22	132
327	149	20	89
324	100	23	136
325	90	22	142
327	87	21	146
328	90	21	146
328	83	22	152
329	91	21	143
329	82	23	152
312	0	23	154
331	84	22	151
328	55	22	180
329	79	23	153
330	86	21	145
329	78	22	153
330	84	21	147
331	88	21	142
331	80	22	153
