258.0	72.0	23.0	79.0
257	69	22	80
256	67	21	80
254	67	22	78
254	67	23	80
256	69	22	79
260	72	21	78
261	74	21	77
262	77	24	78
270	82	22	78
276	87	22	77
278	87	24	78
278	85	24	77
281	79	23	79
283	73	23	79
289	69	23	77
292	63	24	81
297	68	23	78
302	73	24	80
307	82	23	80
310	96	24	77
312	106	24	79
311	114	24	79
303	118	26	80
296	120	25	79
289	120	25	77
283	115	24	76
276	106	25	80
271	97	24	78
269	91	23	76
269	85	24	77
269	80	24	77
266	76	24	74
264	72	26	75
261	72	29	74
259	72	35	75
257	74	40	76
260	75	35	77
257	76	37	78
256	75	35	79
253	75	34	79
251	76	25	74
251	77	22	75
248	76	22	79
244	77	25	80
241	80	28	79
236	83	31	77
232	86	35	75
227	87	40	73
228	85	35	76
225	84	35	76
225	82	33	78
225	81	26	78
225	79	24	82
220	82	26	78
220	85	26	79
214	86	33	79
212	88	37	78
213	91	37	78
213	92	36	75
210	92	38	75
211	88	35	77
214	85	28	80
215	85	24	77
215	88	23	72
213	84	25	78
212	85	26	77
211	81	30	83
206	78	39	84
200	80	42	76
208	79	42	78
209	78	37	77
214	78	32	75
215	77	32	80
216	79	24	77
212	77	28	83
211	79	29	83
207	84	33	78
206	86	34	80
203	87	36	78
205	87	33	80
203	85	32	76
204	84	33	78
204	83	32	78
206	81	33	81
208	83	30	75
208	81	31	75
210	78	32	81
209	78	35	75
211	77	35	75
211	76	35	76
214	75	34	77
212	74	33	79
212	74	31	76
212	72	30	78
213	75	27	77
212	73	26	80
207	77	32	75
208	75	28	78
205	76	34	75
207	75	28	74
206	74	27	74
204	74	27	74
204	76	31	77
201	77	31	79
199	78	34	74
195	78	36	75
192	76	36	76
186	75	41	75
188	72	31	77
190	67	29	80
189	68	28	81
193	70	26	77
196	72	27	80
195	71	27	78
194	72	30	76
191	72	35	75
186	70	42	75
186	71	43	74
186	73	44	75
194	74	36	77
192	75	36	76
195	76	33	76
201	75	27	75
204	75	25	77
205	73	28	77
205	73	32	77
202	74	37	77
202	75	41	76
201	77	44	76
202	77	43	76
207	79	37	80
213	79	30	78
215	78	27	78
215	77	25	78
219	77	25	81
220	80	27	76
219	81	29	75
220	83	32	75
218	83	35	73
223	83	33	77
222	85	34	76
222	79	34	77
225	76	31	81
225	76	27	75
229	75	24	77
232	77	21	76
233	77	24	78
233	79	27	77
233	80	35	79
233	80	37	80
232	83	38	77
234	81	33	77
237	78	30	79
236	77	31	78
237	78	32	76
239	78	31	77
239	77	30	79
240	78	31	77
241	80	30	78
239	79	31	77
240	77	30	78
238	77	30	79
240	75	28	82
239	78	28	79
239	75	27	81
239	75	25	82
239	74	24	81
239	74	23	80
238	74	23	79
238	73	24	80
240	74	23	80
241	72	23	82
241	75	24	79
243	76	24	77
246	76	21	77
244	73	22	79
244	74	23	78
247	74	23	78
251	76	23	79
251	77	23	79
254	78	23	79
255	79	21	78
255	76	21	79
255	75	21	79
256	75	21	79
257	75	21	78
257	78	22	76
258	78	23	76
259	78	24	78
258	80	26	78
256	81	26	77
251	82	34	73
252	83	33	73
256	84	27	76
256	84	26	77
255	82	26	77
253	81	24	73
253	78	25	72
253	74	24	74
254	74	22	73
252	72	23	75
249	73	25	75
248	75	26	75
249	78	24	72
249	78	24	73
247	79	24	73
247	78	25	73
249	76	21	71
250	80	18	66
249	80	21	70
244	82	25	71
241	82	29	71
234	81	33	66
230	83	33	64
229	83	38	66
226	83	31	65
228	83	30	65
228	82	30	66
228	81	28	68
229	79	27	67
230	78	23	69
231	76	21	69
228	74	23	73
225	75	25	74
224	77	25	70
222	77	26	71
215	77	33	68
214	76	34	69
215	76	32	68
215	73	30	69
214	73	26	68
212	72	24	69
210	71	26	68
207	73	30	68
208	72	29	71
206	74	33	68
203	75	36	67
204	75	36	66
203	76	35	67
203	77	33	68
203	75	30	66
205	76	27	67
205	74	24	63
207	74	24	66
208	74	22	68
210	74	23	68
208	73	24	65
208	74	25	67
210	73	24	67
209	71	24	69
207	71	24	67
208	68	24	67
208	69	21	65
207	68	24	62
206	66	25	71
204	68	26	63
206	67	27	74
203	72	28	65
206	69	28	72
207	73	27	66
202	73	29	63
201	75	28	62
205	72	28	68
201	73	25	64
202	72	22	65
202	72	21	60
200	70	24	68
199	73	23	59
199	72	24	61
200	73	22	62
199	72	23	61
199	71	22	61
196	70	25	64
199	73	21	61
199	74	20	61
197	75	22	59
197	77	21	59
196	76	22	66
195	79	20	56
194	79	21	59
195	79	20	59
194	80	20	54
193	80	20	58
192	78	20	57
192	77	20	57
192	78	19	57
193	79	18	53
193	81	19	54
193	84	19	53
189	81	23	56
189	79	26	57
188	79	24	57
187	79	26	55
186	79	25	56
187	79	24	53
188	81	23	52
188	79	24	55
187	83	24	50
184	84	28	48
184	86	31	48
184	86	36	49
183	85	29	48
184	84	29	48
179	84	35	46
179	81	33	53
181	83	35	48
179	82	41	54
180	81	34	51
180	84	37	47
178	84	37	49
184	84	33	48
184	84	35	48
185	84	35	49
187	83	28	43
189	84	31	46
189	84	33	45
190	80	32	52
191	82	34	50
192	84	31	48
192	89	35	46
192	85	28	45
192	86	31	44
193	84	32	44
193	80	32	50
196	80	33	47
197	82	36	49
199	84	33	47
203	83	32	51
206	81	27	54
204.94312	86.28923	42.76747	49.19108
215	83	31	49
217	82	33	47
219	77	35	47
221	68	34	52
227	69	32	49
229	65	34	47
235	62	36	50
238	60	37	50
244	61	34	50
250	61	31	52
260	67	31	53
270	71	25	53
275	75	32	58
288	82	18	52
291	85	19	56
290	89	21	54
289	87	19	60
282	86	22	59
276	82	23	60
272	81	21	58
268	79	20	58
263	75	24	62
264	79	19	60
261	79	21	60
262	81	20	58
261	82	21	61
259	80	22	60
259	80	23	61
260	79	24	62
260	79	24	62
260	79	25	61
260	80	25	63
260	80	25	63
258	80	26	65
256	78	25	67
255	77	25	69
255	81	24	62
256	84	24	62
255	85	24	65
254	85	24	62
251	84	24	64
248	83	23	61
247	81	22	65
245	81	21	64
243	80	22	65
242	81	22	62
242	83	24	61
243	84	24	61
243	84	25	64
240	83	27	60
240	79	26	66
240	79	25	66
239	79	27	63
238	77	30	69
239	78	33	67
246	81	27	64
249	79	25	68
251	77	28	73
252	78	27	70
253	80	28	64
255	79	27	67
257	80	31	63
256	77	31	72
257	78	30	70
257	77	31	73
258	78	34	68
260	79	33	68
264	80	29	67
266	81	26	68
269	82	25	70
271	80	24	72
271	82	25	67
271	82	25	66
273	82	25	67
273	82	26	67
276	83	27	66
283	83	26	67
281	81	33	67
290	80	28	69
296	79	27	72
302	83	26	70
311	82	25	77
317	86	25	65
324	88	25	68
329	91	27	66
332	89	29	70
330	86	33	72
331	86	36	72
334	87	35	65
337	81	35	70
340	83	33	65
347	83	27	71
354	82	25	77
356	84	24	73
358	83	23	76
359	85	21	75
360	90	20	68
362	91	16	69
358.62054	90.26944	30.616604	69.567635
361.2737	92.44856	28.799107	68.57576
353.98077	92.517654	33.19802	68.99065
353.02646	94.08326	32.758125	62.902622
366	89	21	70
362	90	21	68
361	90	23	66
360	89	26	66
357	89	29	70
356	90	33	68
353	92	36	68
351	93	38	71
349	94	39	71
348	97	37	74
347	98	35	77
346	103	33	75
345	106	32	75
344	111	28	73
343	116	26	73
341	114	25	79
336	116	25	76
333	116	26	75
330	116	28	77
329	118	29	76
329	122	29	72
328	121	30	74
328	121	30	74
327	118	31	76
327	117	30	75
327	116	31	75
329	115	29	77
329	116	29	75
330	116	28	76
331	115	27	78
331	114	26	78
330	115	24	76
330	114	25	78
332	113	24	80
334	115	24	77
335	117	24	79
338	114	25	79
339	113	25	80
343	115	23	77
345	115	24	77
346	115	22	76
347	117	24	77
347	115	25	76
348	115	25	77
345	115	28	77
343	115	30	76
341	114	32	77
341	114	34	77
341	115	35	75
341	114	34	75
339	112	37	75
340	113	35	74
340	111	34	75
340	111	32	76
342	109	27	75
341	108	23	78
339	106	23	79
334	107	25	77
330	106	28	79
326	107	31	74
322	108	34	73
314	108	41	73
312	106	42	74
314	106	37	75
312	102	32	78
309	99	32	78
310	99	26	79
306	99	26	80
304	103	24	76
297	99	28	81
290	99	32	77
289	100	32	78
280	101	39	76
278	100	39	77
279	102	37	75
278	98	33	77
277	99	27	77
277	99	23	78
271	101	26	76
268	95	26	78
266	100	27	74
257	97	38	77
249	97	42	77
246	97	42	76
246	97	42	75
246	96	39	78
246	97	34	76
245	94	31	79
245	95	25	79
241	95	26	78
237	96	28	78
231	96	32	79
228	95	33	78
225	96	37	79
223	95	36	78
216	94	40	77
214	95	40	76
214	95	36	76
214	93	32	77
214	92	27	77
212	92	24	76
209	92	23	76
204	91	28	81
197	91	31	77
192	91	34	77
190	93	33	76
189	94	36	75
187	93	33	75
184	91	34	76
184	91	31	77
185	91	27	77
183	92	27	77
183	92	25	76
181	91	27	76
178	90	28	76
178	87	29	80
178	91	27	78
177	91	26	76
178	92	27	76
177	90	27	78
175	88	30	82
174	92	29	75
172	92	31	75
171	89	33	82
169	91	34	75
168	92	34	74
170	87	32	82
169	89	34	75
171	89	31	75
172	89	28	77
174	89	28	75
175	87	27	81
175	91	27	73
177	90	26	75
176	93	28	71
179	90	27	76
181	90	27	79
181	92	27	73
180	92	27	73
182	93	27	73
181	92	27	82
179	93	31	73
177	92	35	74
182	94	29	75
176	92	41	74
180	91	38	78
186	91	31	77
187	90	32	77
191	91	31	75
196	91	29	77
199	93	25	78
202	91	25	75
202	91	29	76
200	91	39	76
204	94	39	73
203	94	44	74
206	94	42	74
207	95	42	75
211	93	38	75
216	93	34	75
222	93	31	74
229	93	29	75
233	93	28	79
234	93	30	75
236	93	34	76
236	93	38	75
236	94	40	75
240	95	40	75
244	95	38	78
251	96	33	76
253	93	31	80
259	93	25	80
263	93	24	79
264	95	26	80
267	97	28	77
268	99	30	75
266	100	35	74
263	97	40	75
268	100	37	72
271	96	36	74
278	91	28	76
276	87	30	73
284	83	28	74
295	81	25	76
301	81	24	77
307	81	26	76
309	84	30	80
313	82	37	77
317	85	36	76
318	86	40	75
319	83	36	77
328	83	30	76
335	79	28	81
340	78	26	79
343	77	25	77
344	73	26	81
345	74	29	77
345	73	31	78
347	73	32	77
348	73	32	76
348	73	30	77
348	74	30	76
351	75	27	77
350	74	26	79
346	73	25	76
344	71	25	77
345	68	25	81
343	66	26	83
343	68	27	81
343	67	28	82
344	68	29	81
345	68	29	81
345	67	28	80
344	67	30	76
345	63	31	79
344	62	31	79
347	63	29	79
349	65	30	80
350	65	30	82
352	67	29	81
353	68	28	80
352	68	28	80
352	69	28	79
352	68	28	81
352	69	28	80
351	75	27	75
348	71	29	78
347	70	29	79
346	71	29	77
347	71	28	78
344	75	30	72
342	75	31	74
342	74	29	73
342	73	27	75
340	72	27	75
338	71	26	77
336	70	27	77
329	73	30	72
331	71	27	76
330	72	25	76
327	73	28	74
324	74	28	74
323	74	27	74
322	74	26	74
319	73	25	76
319	71	23	76
318	72	21	75
314	72	23	75
316	72	18	71
310	79	22	69
304	74	28	70
299	74	31	69
302	78	19	67
300	82	22	66
295	77	32	68
298	78	28	67
297	79	24	67
298	77	23	75
297	77	25	74
296	79	25	72
289	78	30	69
290	77	29	72
290	81	28	68
286	80	30	68
280	79	37	71
277	79	39	71
277	80	35	68
277	79	30	67
278	78	26	70
278	77	23	68
278	78	22	68
274	77	25	69
272	76	27	71
270	76	27	74
266	74	28	74
265	76	27	69
265	76	26	72
260	76	28	70
261	76	26	70
255	76	27	67
256	76	26	68
251	75	28	68
247	76	30	67
245	76	34	67
243	77	36	66
242	76	36	67
240	77	35	66
238	77	34	66
237	77	32	67
237	77	31	67
236	75	29	67
237	74	24	64
237	74	23	64
239	73	22	67
237	73	21	61
236	73	20	64
234	71	23	72
233	74	22	65
230	73	23	68
227	71	24	72
225	72	25	73
219	74	28	64
221	74	26	63
218	73	27	62
218	70	27	70
216	72	26	63
217	67	27	77
217	72	24	63
216	73	24	63
213	72	27	66
213	73	23	60
213	72	22	61
213	73	21	61
212	73	21	59
213	72	20	62
212	72	20	61
211	71	21	60
211	71	19	59
209	71	20	60
208	71	21	62
207	71	21	60
205	72	21	59
205	71	23	64
204	73	21	59
205	73	18	56
203	73	20	58
205	72	18	57
203	73	19	55
205	74	18	56
202	72	20	56
202	73	20	56
202	73	21	58
200	76	21	51
202	74	21	55
201	76	24	53
202	77	20	50
199	76	24	53
195	75	26	53
199	77	25	52
195	81	27	45
194	79	31	50
196	76	28	54
187	79	35	51
190	72	35	60
187	78	34	47
182	79	38	50
191	77	31	47
189	80	36	46
186	78	38	51
191	79	34	45
193	73	37	50
191	71	40	52
191	64	45	55
206	63	41	47
210	66	38	49
213	67	32	48
208	60	28	47
208	62	31	47
211	70	23	46
205	70	27	43
200	69	37	47
201	65	33	50
204	65	26	49
199	59	33	57
209	62	20	55
203	59	24	54
207	57	19	56
208	58	19	55
210	55	24	62
209	57	21	57
209	56	22	58
207	54	23	61
207	53	23	61
206	53	24	65
206	54	24	61
205	51	26	68
207	55	23	60
206	55	24	62
209	57	22	64
209	57	21	59
208	56	27	63
210	57	25	63
209	55	27	64
214	57	23	63
