126.0	119.0	20.0	19.0
125	118	19	19
125	118	19	19
125	118	19	19
126	119	19	19
125	119	19	19
125	119	19	19
126	121	19	17
125	116	10	9
138	127	11	12
176.25206	92.282875	20.375954	20.07609
175.70602	92.91975	20.338686	20.394236
175.705	92.36331	21.028114	20.259212
175.30858	91.95729	22.069735	22.643305
175.7818	92.604805	20.330252	20.149443
175.17326	92.142136	20.639093	19.886011
176.26894	92.19022	21.28788	21.065474
175.80704	92.12532	20.268333	19.895443
176.99548	92.10757	20.161808	19.666212
178	51	16	16
178	51	16	16
177	51	18	15
177	51	18	16
178	51	16	15
177	51	17	17
178	51	16	16
178	51	16	15
178	51	17	16
178	51	17	16
178	51	16	16
178	51	16	16
178	51	16	15
178	50	16	16
178	51	16	16
178	51	16	15
177	51	17	15
178	51	16	15
178	51	16	15
177	51	17	15
178	51	16	16
178	51	16	16
177	51	17	15
178	51	16	15
178	51	16	16
178	51	16	14
178	51	16	15
178	51	16	15
178	51	16	16
178	51	16	15
177	51	17	15
178	51	16	16
178	51	16	16
177	51	17	15
178	51	16	15
178	51	16	15
178	51	16	15
178	51	16	16
178	51	16	15
178	51	16	15
178	51	16	16
178	51	16	16
178	51	16	16
178	51	16	16
178	51	16	16
178	51	16	17
178	51	16	16
177	51	17	16
178	51	16	16
178	51	16	16
177	51	17	16
178	51	16	17
178	51	16	16
178	51	16	16
178	51	16	16
178	51	16	16
178	51	16	15
178	51	16	15
178	51	16	16
178	51	16	15
178	51	16	15
181	51	13	14
203.22604	150.65552	33.560093	19.074404
219.2532	155.42793	21.673203	15.519984
226.00862	157.55835	20.94705	15.709446
229.28041	158.9203	21.609138	16.017422
226.92256	157.51678	26.600105	18.857254
207.9052	153.51057	37.520634	24.06424
205.99011	154.87398	32.925415	23.720745
207.54875	171.85751	28.43282	29.6899
220.37694	160.3381	40.332058	22.961922
240.30974	163.26917	39.140156	21.113655
228	159	18	15
230	159	18	15
231	159	18	16
212	175	22	24
269.39206	169.49014	23.91975	16.789072
212	173	23	25
211	176	23	24
271.4108	167.33731	25.821087	19.529303
270.52612	168.32947	26.17593	18.910671
270.76608	170.53683	23.12936	16.962965
271.52252	169.85478	24.954664	18.193138
271.75418	169.53084	25.786942	18.68889
270.6846	171.11931	22.04295	16.864513
214	176	21	23
268.4621	171.23064	23.745665	16.749605
211	177	23	24
211	177	23	24
212	176	22	25
212	177	22	23
270.94104	157.75708	29.580475	27.115683
212	177	22	23
212	177	23	23
212	177	22	23
261.94812	157.26324	36.165264	29.787712
268.22598	159.12401	30.928158	27.849983
268.79926	158.2252	31.176935	29.465008
252	171	18	15
272	173	19	18
255	170	16	14
280	186	15	15
271	172	21	19
250	154	26	24
249	154	29	29
250	153	25	20
250	153	25	22
250	154	25	21
249	153	25	22
250	153	22	18
247	153	28	25
250	154	27	25
251	153	25	20
247	153	30	24
250	153	27	23
269	169	24	19
269	171	24	17
271	174	18	17
273	174	17	15
272	169	22	17
272	170	22	17
271	171	21	15
271	171	22	15
272	172	19	15
271	171	21	15
271	171	22	16
271	172	21	15
271	169	23	17
271	171	21	16
253	167	21	16
273	171	19	16
253	167	21	17
254	168	21	17
253	168	23	18
252	164	26	22
254	162	22	20
258	168	14	13
258	167	13	13
266	150	8	7
271.46893	172.28625	21.681906	15.809879
271.76593	172.12341	21.33764	15.406873
271.74548	172.53325	21.361605	15.424342
271.36325	172.1412	21.225548	15.3880205
272.3154	171.10716	22.054781	16.591179
218	177	12	11
271.73523	172.29735	21.71756	15.415859
216	177	14	10
217	178	12	11
271.71127	171.82387	21.146832	16.237028
218	177	14	11
219	178	11	9
218	178	13	10
271.28076	172.53334	21.312735	15.262224
272.17117	172.21666	20.987019	15.224326
271.19443	172.20537	21.109463	14.976302
272.15903	172.60037	20.75112	15.061182
271.2917	172.0253	21.576113	15.437113
271.1203	172.18135	21.26884	15.263956
271.56656	172.01065	21.923374	15.641227
271.41824	172.6695	21.171549	15.116527
272	173	19	14
270	172	21	15
271	172	21	15
272	173	18	15
271	172	21	15
272	172	21	15
271	172	21	15
273	173	17	14
271	172	21	14
272	172	21	15
273	172	17	16
271	172	21	15
271	172	21	15
272	172	20	15
271	172	21	15
271	172	21	15
273	172	18	15
271	172	21	15
272	172	21	15
273	172	18	15
272	172	20	15
271	172	21	15
273	172	18	15
270	172	21	15
273	172	18	15
271	172	21	15
271	172	21	14
271	172	21	15
271	172	21	15
271	172	21	15
270	172	21	15
272	172	20	15
271	172	21	15
271	172	20	15
271	172	20	14
271	172	21	15
271	172	21	15
271	172	21	15
271	172	20	15
271	172	21	15
272	172	21	15
273	173	18	14
272	172	21	15
271	172	21	15
272	172	21	15
271	172	21	15
271	172	21	15
271	171	21	16
271	172	20	14
271	172	20	15
272	172	21	15
272	172	21	14
271	171	21	15
271	172	21	15
272	172	22	15
271	172	21	15
271	172	21	15
272	172	21	15
271	172	21	15
272	172	20	15
272	172	20	15
272	172	21	15
271	172	21	15
272	172	21	15
273	172	22	15
273	169	23	19
273	170	21	16
275	170	21	18
275	170	20	18
273	170	22	17
275	170	21	18
273	171	21	16
273	171	21	18
273	171	21	15
273	171	22	16
273	171	21	16
273	171	21	16
272	171	22	18
274	171	22	16
273	172	21	15
272	172	22	16
274	171	21	19
273	171	21	16
273	171	21	17
273	171	21	16
273	171	21	16
273	171	22	16
273	171	21	16
273	170	22	17
274	171	18	16
272	171	23	16
272	171	22	16
273	170	21	18
272	171	21	16
271	171	21	15
273	171	20	19
271	172	21	15
271	172	21	16
270	172	22	15
272	172	22	16
272	171	21	15
271	172	22	15
272	173	19	16
270	172	22	15
271	171	22	15
273	149	31	23
269	147	25	17
267	148	27	23
269	148	29	34
272	150	28	34
275	147	22	20
275	147	18	16
276	147	17	15
275	147	17	14
277	147	16	15
277	147	17	17
278	145	16	21
277	145	21	23
266.9996	142.19485	50.771732	45.756145
271.78488	142.37181	39.350014	35.286926
249.82794	126.786125	61.73793	45.461224
272.76532	136.27841	41.854645	29.905443
216.53802	115.252716	95.48553	80.42166
239.56863	118.02727	78.24103	60.031136
183.54153	95.18811	134.99495	103.22407
219	175	15	13
180.9782	124.02527	97.787926	68.112854
178.50816	112.22771	125.593346	85.91577
278.3983	109.64809	95.935	65.86478
215.40555	127.94327	96.851875	71.37144
267.21707	115.24997	70.43183	68.50336
250.25076	128.89276	66.2254	69.43877
263.25034	136.08655	49.431355	56.031082
226	173	12	11
216	166	7	8
276.13916	145.21407	30.154268	43.47921
215	145	8	7
265.51895	145.54337	39.906578	45.679276
211	153	6	6
210	155	5	5
272.62247	144.47214	37.488583	43.836555
228.74825	131.93527	81.007225	68.773926
264.63275	133.84297	50.04683	49.60772
234.05852	123.84836	84.36747	76.20472
243.58136	131.06625	69.446396	56.862976
261.31485	143.24832	47.178288	43.14684
281.78073	145.75743	29.201189	36.180145
281.9532	146.12083	23.350481	39.772247
283.23526	145.6608	22.648716	36.636543
283.67807	145.81691	23.070398	34.31945
284.07535	146.33641	22.308893	34.095985
283.78714	146.2814	22.874224	34.79182
282.0701	145.86542	25.059202	28.369337
280.15292	145.9331	27.600485	28.167824
283.2379	146.64848	24.64328	26.74271
280.84048	145.71165	26.895681	26.933357
276.34937	146.28528	32.42848	29.397514
281.8607	147.02586	31.386389	27.932512
278.5752	146.87419	29.8917	24.96554
284.3463	145.88168	24.144312	20.698116
285.38943	146.1727	26.428928	21.747814
278.13644	145.98729	31.098305	26.181221
284.85672	146.21283	23.595507	23.315731
283.14377	145.59886	26.727385	22.322926
288.0096	146.19753	24.078173	19.511631
286.8918	146.19653	24.552654	19.867598
216	155	7	7
274.68756	144.55759	37.763966	42.342236
239.21169	130.36536	71.13229	61.29316
249.8948	144.09616	59.4301	47.10144
262.3881	141.32603	52.840103	48.15811
209	156	7	6
256.72314	142.72223	56.694565	45.378876
241.2305	139.16974	68.07935	47.793594
266.1832	145.44377	46.902798	43.27847
260.9344	145.44179	51.41252	44.773327
266.08307	145.30649	44.93424	42.991646
268.06128	145.93495	41.22704	35.953342
269.12454	147.32393	36.680824	27.921703
285.82565	146.2461	24.898136	21.059204
283.62766	146.16562	25.925085	21.030167
209	154	9	8
275.71375	145.82521	35.7837	30.95551
288.1657	145.86684	23.270613	19.819012
285.625	146.24837	23.59074	18.990591
289.35126	145.86653	22.723057	18.57639
283.79385	145.65414	26.755552	20.945965
287.46408	145.65219	23.2689	20.014482
286.60294	145.85764	24.34365	18.852423
282.0135	146.37373	28.2615	22.114346
282.66168	146.46971	24.249714	20.382486
284.36972	146.46495	25.678171	23.286407
277.92667	145.91185	28.905643	26.351484
281.95428	146.50362	26.075897	26.389378
287.39413	145.95503	22.379593	20.154919
281.8362	145.95337	29.127733	21.192093
278.86823	145.83995	32.26462	26.043884
272.46127	146.34985	40.270798	33.408764
284.0882	146.49368	27.354626	25.180466
280.1539	146.4974	28.096224	26.581375
287.7515	146.74261	21.806433	21.235184
285.33612	146.814	23.588703	20.247885
269.92062	143.49751	42.6003	34.599277
274.00284	144.99037	36.81276	27.33486
272.9573	144.87653	37.56659	30.719727
279.83252	144.52032	34.551395	31.850235
278.65936	146.40894	30.80038	32.054794
286.2731	146.66168	25.580574	21.761848
282.92014	146.1261	27.279545	24.140842
284.806	146.23164	26.083368	22.034603
284.34152	146.93013	24.002352	23.745811
285.55347	146.20905	27.82917	22.81582
287.18613	146.48802	24.003235	23.574614
281.96173	146.54419	26.657076	24.1094
285.0439	146.98155	24.951746	22.464872
272.60883	145.50034	36.26992	28.572449
269.5734	165.92426	31.787004	23.504747
269.26498	166.58301	31.641277	22.691479
266.6565	162.2904	37.70302	26.635754
284.27536	146.00508	29.477037	24.514126
282.32138	146.23164	24.572685	23.78517
277.85217	146.27786	30.887068	29.993212
286.08554	145.5686	26.526213	26.374645
281.64282	146.58069	28.204302	22.150623
242	163	13	12
242	163	16	14
239	162	19	15
242	163	15	14
235	147	14	16
242	163	15	14
233	146	17	17
241	163	14	13
237	151	12	12
243	159	7	6
271.5198	171.68304	21.879875	16.1465
273.0031	171.20181	20.821177	16.63653
272.121	170.95372	21.54814	16.544672
233	153	8	8
235	155	6	6
233	155	7	6
271.88696	171.95172	21.108732	15.768282
272.42804	172.02223	20.966177	15.51775
244	167	8	7
233	154	7	8
233	154	6	8
233	154	6	7
273.6655	171.71574	20.687243	16.08462
273.4557	171.85078	20.44982	15.740335
232	154	7	8
230	153	7	8
230	153	9	9
272.96127	172.03285	21.071476	15.760301
211	154	11	10
211	154	10	11
271.31058	172.311	21.689318	15.756726
209	153	13	12
210	153	12	11
211	154	12	10
210	154	13	11
210	153	12	11
211	154	11	10
211	154	11	10
211	154	12	10
195	159	8	8
195	160	8	7
193	157	10	11
205.23584	153.29544	22.458628	17.451662
205.98682	154.10559	19.165201	15.808052
213	155	12	13
211	155	13	12
207	154	17	15
207	156	17	13
206	155	18	14
206	155	18	15
205	155	20	15
205	154	19	15
209	156	14	13
210	155	12	11
209	155	12	11
209	154	13	13
205	154	18	14
208	154	15	14
207	154	15	14
207	155	16	15
226	152	17	17
226	154	16	15
204	156	21	15
204	156	21	16
224	153	20	19
225	153	19	19
207	155	17	15
208	155	15	12
224	155	18	17
203	155	21	14
206	154	18	15
206	154	18	14
206	155	18	15
206	155	18	14
206	154	18	15
204	154	20	16
206	154	18	15
204	154	19	14
204	154	20	16
203	154	24	17
205	155	18	15
201	154	24	16
199	154	32	21
225	155	16	15
225	158	14	12
224	153	16	19
225	159	14	10
226	160	11	10
223	159	14	15
204	155	19	14
204	155	18	15
206	154	17	13
206	155	16	12
206	155	15	14
205	155	15	13
206	155	14	13
206	156	14	12
196.64174	155.47632	24.436808	16.082163
195.31042	151.00977	26.962801	22.964413
194.03786	149.10376	30.725569	26.858099
206	157	7	6
206	157	7	7
193.37836	145.88449	28.20668	26.809513
194.54704	153.31834	29.85599	23.55564
195.16365	149.57841	25.660002	22.708757
188.46951	122.215546	62.448483	56.054344
242	173	9	9
242	175	8	6
274.72614	173.97523	19.889368	15.873325
274.20667	174.62843	19.922056	16.20012
253	179	11	11
252	178	12	12
242	175	9	8
242	175	8	7
242	175	9	7
242	175	8	6
274.85437	174.14989	20.184948	15.93559
275.11877	174.41331	19.138897	16.124475
274.9937	174.48357	19.182028	16.264103
275.5915	174.39972	18.745604	15.879572
208	159	11	8
207	156	12	10
274.64868	172.08282	21.909239	17.52978
207	155	16	14
208	156	14	11
217	158	14	13
208	156	13	12
208	155	13	12
209	156	14	13
209	156	12	10
274.6647	172.54892	22.00601	17.320131
207	156	16	14
209	155	13	12
205	156	18	15
207	155	16	14
210	156	12	11
208	155	13	14
209	155	13	12
208	156	14	13
208	156	15	13
223	159	16	16
222	159	17	17
208	155	15	14
226	161	12	14
213	156	10	11
222	161	15	13
221	162	15	12
224	160	8	9
280.91998	148.42932	29.061863	34.233948
272.4917	146.07626	40.270393	39.16461
228	156	7	8
261.6313	144.50494	54.95937	38.41657
247.11246	137.00043	72.63281	48.805412
245.67838	139.86955	70.24806	41.453003
217.3055	149.58961	42.771275	33.417145
260	167	8	8
264	167	10	9
234.98906	151.70557	40.234173	23.548088
238.4984	151.59549	48.99058	26.449713
255.88318	150.06468	38.09563	25.54442
242	159	14	13
248	158	13	13
240	162	13	17
251.18694	134.13008	84.17813	42.594933
240.87552	86.0049	64.23615	42.702858
245.39012	83.337234	67.60519	41.342464
243.46912	78.16347	76.40747	45.262547
281.36703	128.48743	74.349594	45.978455
287.49493	122.38473	72.04778	50.996014
274.77557	112.93355	103.45274	66.25672
286.815	116.00261	75.17911	56.439293
279.81934	112.66083	94.01795	68.75536
365.87326	147.5512	56.546726	32.277946
292	165	12	13
296	164	14	16
411.8911	152.81548	20.258083	13.696256
414.938	151.91452	19.867233	13.878802
310	163	13	14
318	167	8	9
422.86075	150.18117	21.42284	12.321816
324	165	11	11
327	163	8	7
331	167	8	7
340	156	7	6
338	157	9	8
434.52502	142.63939	19.864151	12.16135
342	155	10	9
337	160	11	11
345	150	12	10
344	156	12	12
437.4012	139.12384	20.35331	14.750838
365	144	16	14
362	143	19	19
364	143	17	17
363	142	18	17
362	143	18	16
364	142	17	18
