202.0	114.0	36.0	34.0
201	114	38	36
202	115	35	34
202	115	35	34
202	116	35	34
202	116	35	34
201	117	36	34
201	118	36	34
200	119	35	34
202	121	35	33
203	120	35	34
205	119	34	35
207	118	36	36
209	115	34	34
211	113	34	34
214	110	35	34
217	105	35	34
219	102	38	36
221	101	35	34
222	101	36	35
222	101	36	35
223	103	39	35
221	104	37	34
221	107	37	34
218	109	37	35
216	112	38	36
212	114	36	34
210	115	36	35
206	115	34	34
202	115	38	35
199	113	35	34
196	112	34	34
191	110	34	35
187	109	39	38
183	109	34	34
177	110	39	36
171	112	35	34
168	114	36	35
166	116	40	37
163	118	36	35
160	119	36	35
158	119	36	35
158	117	36	35
157	117	35	35
157	114	35	34
157	112	38	35
158	110	37	35
158	109	34	34
160	107	34	34
163	107	38	35
167	109	37	35
172	110	35	34
177	112	35	33
181	113	35	34
187	115	36	34
191	117	36	34
194	118	35	34
197	119	35	34
198	121	35	34
198	124	35	34
197	127	35	34
196	128	35	35
195	128	35	34
196	128	35	35
198	125	34	34
201	121	35	34
204	115	35	33
208	110	34	33
209	104	35	33
208	100	35	34
207	100	35	33
205	99	35	34
202	99	34	34
199	99	34	34
194	97	37	36
190	96	34	34
184	96	36	34
177	96	35	34
171	97	37	35
165	98	38	35
159	100	37	36
153	102	37	36
147	104	35	33
142	106	37	36
137	109	37	34
134	112	36	34
132	114	37	34
131	115	37	34
131	116	37	35
131	118	38	35
132	120	38	35
134	122	37	35
135	124	38	35
135	126	39	36
136	127	39	36
136	128	39	36
137	128	35	34
139	128	35	34
141	127	35	34
143	126	35	34
147	126	36	34
151	126	34	34
156	125	35	34
161	124	35	34
168	123	35	34
174	121	35	34
181	119	35	34
185	118	34	34
189	117	36	35
192	115	36	37
193	111	40	44
196	117	35	35
196	119	35	34
195	116	37	35
195	115	35	34
194	113	36	35
192	112	36	35
190	111	37	35
190	110	37	35
189	109	37	36
187	108	37	34
186	108	37	34
186	107	37	34
184	104	38	36
184	103	37	35
183	101	37	36
183	100	36	34
182	99	38	36
182	97	38	38
181	96	38	38
177	97	40	41
176	97	42	43
175	100	39	40
170	102	41	39
169	105	37	36
165	104	39	36
163	103	39	37
160	101	39	37
158	100	39	37
156	98	39	37
156	98	38	35
157	98	38	36
157	97	38	35
158	96	39	39
159	96	37	36
161	95	38	36
163	96	38	36
165	97	39	36
166	97	38	36
165	98	36	34
167	98	39	36
168	97	39	36
169	94	39	37
171	92	37	35
173	88	37	39
173	90	37	37
172	90	37	36
173	91	37	37
173	91	37	36
173	91	37	38
173	91	38	38
174	92	38	36
177	93	36	37
176	92	36	38
174	91	38	38
175	91	38	39
176	91	40	39
177	92	38	38
176	92	38	36
176	91	37	36
176	91	37	38
175	91	38	35
174	91	38	36
177	88	36	36
176	89	37	36
175	87	38	38
176	88	37	35
174	91	39	35
174	92	40	35
174	92	40	35
175	92	38	37
174	94	38	36
173	94	38	37
173	95	38	36
172	95	38	36
172	94	38	36
173	93	38	37
173	93	37	38
173	93	37	35
173	91	36	35
171	90	36	36
170	92	35	35
170	94	36	36
172	96	34	35
172	96	35	37
172	97	35	37
171	97	35	36
169	98	35	36
169	99	35	35
169	100	35	36
168	102	36	36
168	102	36	36
167	102	35	37
166	101	38	36
166	99	37	36
167	97	37	37
167	94	38	36
168	92	37	36
168	91	37	35
168	90	37	36
167	89	35	35
164	88	36	35
163	87	36	35
162	87	35	36
160	87	36	35
159	86	36	37
158	84	36	36
158	84	36	36
158	84	35	36
158	85	35	36
153	87	39	38
151	87	37	37
151	89	39	37
148	90	42	40
149	91	40	38
147	90	39	36
147	90	38	36
148	91	37	36
151	92	36	35
154	91	36	36
155	90	37	36
157	88	37	36
159	86	36	37
160	87	38	36
159	90	37	36
157	94	35	37
155	97	36	37
155	101	36	36
153	104	36	36
151	105	36	36
148	104	39	37
149	104	36	36
148	102	36	37
148	102	39	37
149	102	37	36
150	102	37	35
150	104	38	37
150	104	37	35
151	104	37	36
152	103	37	35
153	102	37	35
154	103	37	35
154	102	39	37
153	101	40	37
154	100	38	36
156	101	38	35
158	101	38	35
158	101	39	35
158	101	39	33
156	99	39	34
155	100	40	33
154	99	40	33
154	97	40	36
156	92	39	37
155	93	41	40
156	96	38	34
156	94	38	36
157	94	38	36
156	94	38	35
156	94	39	35
156	94	40	35
158	93	40	36
157	94	41	36
157	94	41	36
158	94	40	36
158	96	38	36
158	99	40	36
156	99	41	36
156	98	41	38
156	99	42	36
157	95	40	38
157	96	40	36
156	97	39	32
159	93	37	32
158	89	36	33
157	87	37	33
155	83	38	36
155	82	37	37
155	81	38	40
156	84	41	38
155	85	41	37
155	86	41	39
155	85	41	40
155	87	42	39
156	88	41	39
158	89	39	39
156	91	41	38
157	93	38	36
157	95	40	38
158	96	38	37
157	95	41	39
160	95	39	38
164	95	36	39
157	93	43	40
161	97	40	37
160	97	40	37
162	96	37	36
158	94	41	38
158	94	40	38
156	92	44	40
160	93	40	38
158	93	43	39
159	93	40	38
158	93	40	37
161	92	38	38
161	92	39	38
164	95	36	36
161	96	40	37
161	97	38	36
160	98	37	35
157	96	40	37
155	96	42	39
153	95	43	40
154	95	42	40
155	96	42	39
153	96	42	38
153	96	42	40
151	95	42	38
153	93	40	40
152	93	41	41
149	92	45	45
151	94	41	40
151	92	41	41
151	90	41	41
151	88	41	42
151	88	41	42
149	86	42	44
150	86	43	43
146	87	43	44
147	89	42	42
149	90	40	40
149	89	40	41
147	88	41	42
147	87	41	41
148	86	42	41
147	85	43	42
147	86	44	41
149	87	40	38
148	86	43	42
147	87	44	40
148	87	42	38
150	88	40	38
151	90	39	37
154	92	39	36
156	94	39	37
161	97	37	37
166	96	38	39
171	98	37	35
176	97	39	37
180	94	38	39
182	92	37	38
181	89	39	39
180	90	38	37
177	88	38	38
173	90	37	39
166	94	37	37
158	95	37	38
151	97	37	40
145	99	38	39
140	100	38	39
136	100	38	38
133	101	38	38
131	101	39	39
131	101	40	39
133	100	39	40
136	100	38	39
140	99	36	38
144	95	40	39
148	92	39	40
152	91	39	39
158	91	38	38
163	92	37	38
169	93	38	37
174	92	36	37
177	94	38	37
181	93	35	36
185	92	35	35
187	90	35	35
188	89	35	35
187	88	38	36
185	88	38	35
182	88	37	36
179	88	35	36
175	88	35	36
171	87	36	36
165	86	38	37
161	87	37	38
157	90	36	36
153	91	37	39
151	93	37	33
151	93	37	37
152	92	37	35
154	91	36	34
158	91	35	34
159	90	35	29
162	91	34	33
165	90	34	37
169	90	33	33
170	94	34	38
171	91	36	38
174	88	34	33
174	89	37	33
176	87	40	40
181	87	39	38
185	88	35	36
185	87	38	38
186	89	38	38
186	92	36	36
185	93	37	38
186	92	36	38
184	94	38	38
182	96	38	37
182	95	37	36
180	90	38	39
176	88	40	40
177	90	37	37
176	87	38	40
175	86	38	37
176	84	35	35
173	81	37	38
170	78	41	43
167	78	42	44
167	80	40	44
165	81	41	45
163	84	42	44
162	84	40	44
161	86	41	44
163	88	36	37
159	90	41	37
161	92	39	38
160	94	39	39
160	93	40	40
162	93	38	38
163	95	37	37
163	96	37	36
162	93	38	38
163	94	38	35
165	93	38	36
169	93	37	34
170	91	40	37
170	87	45	45
175	91	41	37
179	91	43	40
176	85	45	43
180	86	45	40
186	86	41	38
189	79	44	45
196	80	41	40
199	79	40	38
201	77	37	37
200	75	37	39
201	77	37	37
200	80	37	35
199	79	37	37
194	81	39	38
189	82	40	38
186	82	41	40
182	84	41	38
179	83	41	41
177	86	40	39
176	84	43	46
173	84	44	43
176	84	42	41
175	82	44	42
179	79	41	44
181	80	38	42
175	76	44	46
175	77	44	45
176	80	42	42
177	82	41	46
171	86	44	43
173	88	42	42
172	89	42	41
173	85	42	44
175	83	42	44
178	80	40	46
181	82	38	40
183	78	38	39
184	74	38	38
183	70	39	38
182	64	41	41
182	64	41	38
180	62	41	39
176	64	41	37
174	65	39	37
172	69	39	35
169	69	41	40
166	72	39	37
164	70	41	41
164	70	41	40
162	66	43	43
165	65	40	41
166	68	40	39
166	68	45	44
169	70	45	43
174	76	41	38
177	80	39	37
177	84	40	37
180	90	36	36
179	94	36	35
176	97	39	37
176	95	36	41
174	95	40	45
171	101	40	39
174	100	38	39
176	97	39	39
178	94	37	39
179	94	37	36
181	90	37	37
184	92	35	34
183	88	37	37
183	87	36	35
180	81	38	38
179	78	39	37
178	73	39	39
177	71	41	40
177	72	39	37
175	72	41	39
174	75	42	38
174	77	41	38
174	78	41	38
173	79	40	36
173	78	41	37
172	77	39	37
173	77	41	38
