168.0	144.0	56.0	22.0
168	143	54	23
169	143	53	23
168	143	53	23
169	143	53	23
170	143	52	22
171	140	54	24
169	140	57	25
169	140	56	22
169	136	49	24
169	135	52	23
168	130	49	23
170	126	48	25
161	124	57	24
165	117	52	31
162	108	51	28
160	96	54	39
151	93	64	44
147	93	72	47
143	93	76	46
166	95	52	38
164	102	52	33
169	102	48	33
166	109	51	33
165	115	51	31
157	126	61	28
162	133	53	26
164	137	53	26
163	140	53	26
166	144	52	26
166	147	51	26
158	156	53	21
167	158	55	23
143	163	81	29
158	167	58	27
161	168	62	28
160	175	56	24
162	178	59	27
157	186	59	25
152	182	66	34
132.50244	106.49379	120.99483	103.81991
31.027893	179.10269	270.3006	75.171394
125	187	45	19
29.647537	169.9165	300.52994	85.11408
160	183	58	26
33.53221	160.59128	181.7362	89.92256
153	172	62	24
159	165	59	25
163	160	52	22
158	155	53	24
161	150	51	24
161	148	50	24
162	149	52	22
161	146	48	25
160	149	47	23
160	150	45	24
162	150	43	24
158	150	46	24
158	150	46	24
156	148	47	24
156	148	46	23
154	148	51	23
150	148	54	23
151	141	50	25
154	140	49	27
153	139	50	25
154	138	51	25
153	137	52	25
152	141	48	19
165	138	49	20
169	139	47	19
155	135	54	26
160	138	57	20
158	135	52	26
163	138	52	21
155	139	53	24
158	140	51	23
159	141	49	24
161	144	53	23
160	146	50	25
161	153	53	23
159	159	50	21
157	164	51	22
153	170	54	26
154	175	54	23
154	178	52	21
155	180	50	21
154	180	51	21
153	181	50	21
152	181	52	22
150	180	53	21
149	179	54	22
149	177	53	21
151	173	51	24
152	170	50	25
152	166	53	23
151	163	50	24
151	162	53	20
147	161	58	20
148	159	51	21
148	156	53	23
154	158	48	21
149	158	50	23
147	158	52	22
148	156	51	23
149	156	52	21
145	152	53	26
145	151	53	26
146	149	53	30
146	150	54	28
146	151	53	26
145	152	53	25
147	151	52	27
145	152	53	26
146	152	52	28
146	153	52	27
145	155	52	24
144	153	52	25
145	154	52	24
144	152	52	26
146	152	52	29
147	152	51	27
150	154	55	26
152	157	46	22
149	156	48	25
145	159	53	26
154	157	48	36
151	160	49	30
150	159	49	27
153	160	47	22
153	159	46	24
157	160	43	25
154	159	47	35
144	161	61	34
141	160	67	41
147	158	66	41
137	156	76	46
175	155	42	30
142.1985	149.08199	69.086876	45.134922
160	149	48	37
155	151	52	39
131	183	35	26
130.60902	137.75809	72.33823	51.624756
110.44468	129.13272	99.83333	71.36439
35.70201	120.859985	170.9285	95.506256
26.023506	114.2596	165.4019	106.30714
128	185	35	22
30.954247	95.59116	173.68147	112.0128
49.922592	109.38553	147.4736	127.04011
96.24419	113.766335	103.751564	111.883286
136	187	30	22
110.471924	142.2467	97.711754	64.272156
117.316765	139.37047	90.52553	66.038506
116.94121	132.78271	95.01636	76.95729
106.0027	124.83812	107.042885	86.803375
122.08015	143.19995	81.44072	67.68153
131.45901	139.88953	76.20245	64.70619
124.53829	137.90073	91.24275	61.533276
106.1662	95.6072	86.64789	86.72896
93.82745	106.188934	95.250725	69.31134
129	123	39	18
132	121	35	24
132	134	38	20
35.45626	133.93066	175.17937	94.29945
91.955475	134.54317	105.32888	87.176636
98.3134	143.76909	107.92866	69.39849
104.36693	137.10196	102.76968	75.14094
104.760345	138.41885	98.45898	77.0406
100.886284	133.35437	101.17607	91.26134
98.92778	139.14197	107.426125	88.235344
99.75679	137.51031	104.335976	99.95183
92.08743	137.5509	112.38593	109.37854
97.57948	149.59433	112.66415	77.37547
106.775406	141.02469	99.00144	73.522156
103.32523	138.48767	91.59917	75.64674
110.77577	138.78299	94.34359	69.94904
172	145	38	19
174	145	37	17
172	140	40	23
169	143	40	21
173	154	32	15
110.45351	148.68466	102.06533	60.49269
110.51436	143.0233	94.137054	65.89286
108.125	153.52603	96.84894	48.946606
109.733215	143.61253	81.30411	57.41441
114.462585	140.51112	79.72442	56.372715
118.13275	134.11424	91.31138	70.07554
98.81764	132.84157	95.54761	83.44412
94.8744	132.65923	104.00011	82.14956
152	179	44	19
95.09967	127.153366	98.119385	92.32722
68.95482	123.75442	133.81757	99.94246
60.076042	111.49854	132.38695	104.787094
91.65532	117.91528	129.55692	101.48388
90.82081	98.742065	115.075424	118.34228
70.94129	112.46628	168.12822	166.87708
72.65206	157.44312	173.36403	100.79038
93.94141	141.8806	174.81183	112.15451
77.68865	169.75081	250.33138	88.24435
61.45858	148.8005	140.11769	106.133934
70	116	47	21
62.427803	86.9477	165.2896	171.50493
68.55093	174.64598	250.43227	85.667694
58.669296	99.46307	180.78671	170.7398
74.2812	92.74088	193.16667	127.20842
86.63067	100.20161	126.487076	118.39458
71.38186	113.92343	132.71596	97.909
79.0748	115.810394	130.68903	97.049194
88.00717	128.53319	100.84161	79.813934
89.07553	140.69604	94.84647	70.94834
107.295685	141.0266	79.361664	61.628605
104.40428	143.00662	81.20406	56.85501
112.29326	151.32979	73.79336	40.4901
102.37381	149.72963	75.11493	50.012417
106.591484	153.33363	68.768326	46.16105
111	154	62	41
117	155	58	40
117	160	54	33
112	156	59	44
112	155	62	50
107	154	77	56
105	157	81	53
109	158	77	49
116	155	72	51
120	156	66	50
135	164	51	40
112.529175	149.31773	80.43701	56.041595
101.78149	141.89568	94.70412	71.321465
97.026535	138.76042	91.96987	77.74032
103.20864	141.82121	85.35585	71.978004
100.660904	140.67279	99.82929	75.185974
94.93089	141.55173	108.45699	74.27246
142	173	44	20
106.6219	139.1914	82.41174	65.493286
115.02697	148.44574	84.88405	49.630623
126.69476	150.46213	66.375374	43.545536
155	164	36	19
151	169	43	17
149	177	47	18
154	174	42	17
152	166	44	17
130.93584	151.72498	64.17847	38.391685
160	158	37	15
160	150	38	17
164	147	35	18
155	142	43	26
162	143	34	24
158	143	35	25
136	157	46	39
129	145	59	49
119	145	69	52
117	142	76	55
145	134	55	51
121	147	69	53
116	150	69	53
164.26202	141.34949	37.645813	22.851997
164.5648	145.5602	33.80941	24.077742
160	142	39	37
164	139	38	25
159	138	41	31
138.73418	141.3235	61.787415	51.43124
163	142	36	22
164	154	32	17
164	161	34	18
159	169	39	27
154	170	48	25
148	170	54	31
114	147	80	56
107.735016	83.40973	69.071434	67.72232
106.62515	92.43538	64.59701	55.703575
108	163	73	48
92.461945	111.959625	124.637566	94.88776
65.0569	110.55792	132.04156	108.63391
70.45055	115.190796	129.13055	102.421684
93.744644	118.84583	102.23211	101.01225
94.805176	123.95814	97.46844	99.80992
113	131	88	74
144	136	57	44
167.56917	148.69745	35.74326	21.48644
161	157	39	23
164	161	37	19
163	159	40	23
168	150	41	17
170	143	36	19
173	140	38	18
154.21548	137.52252	47.222237	43.03584
136.37302	132.71884	65.94035	51.47949
147	136	52	32
122.66229	133.52206	73.2497	65.85993
125.55426	113.7735	73.44257	65.346016
107.47949	120.926476	88.88422	80.5876
120.03778	110.73201	77.142944	72.99877
102.17573	109.169754	100.13829	98.48428
99.47168	118.935165	95.22671	93.22678
111.34497	113.219696	84.07895	70.53437
157	143	36	17
89.41923	130.43004	114.51265	84.63214
104.37428	163.13924	80.50104	52.82831
116.499405	168.55692	76.8782	41.027184
111.37041	173.28181	71.01414	37.877014
128	178	42	33
128	175	39	33
124	175	42	31
125	174	48	29
113	171	64	34
119	171	55	34
118	169	51	41
119	163	59	45
117	168	65	39
109	169	66	39
111	167	70	42
117	168	64	40
114	172	66	34
116	173	61	31
121	165	53	38
120	162	53	44
116	160	59	49
123	161	50	35
120	159	54	40
124	156	57	44
129	186	29	26
124.203995	143.62231	54.579502	43.359512
117.145004	137.22617	66.069214	45.429153
93.58043	118.32441	88.02054	70.79997
80.80734	118.988335	99.916595	88.06859
74.99604	119.90047	105.144455	90.08994
90.321396	122.6565	109.14439	87.82921
82.115295	122.42299	122.286125	90.11503
78.36679	126.74747	106.33958	87.0019
159	149	33	14
151	159	38	17
93.88203	135.82713	103.77873	72.12975
136	171	50	32
143	171	44	22
77.457016	135.15439	107.07776	78.12944
130	188	25	22
85.06372	133.83879	98.72053	80.96109
85.55262	132.38214	92.879684	74.218124
89.56533	135.75925	102.046585	78.69879
95.69522	126.4656	102.45597	96.54335
82.80953	126.07002	106.48909	93.08292
71.72088	122.86566	118.446	103.19857
77.67738	126.912926	95.13564	82.37883
71.770226	124.14789	103.178894	85.81316
97.25227	122.09665	92.68067	79.37009
101.20541	117.93679	103.757645	78.979965
90.9402	112.91232	112.28947	96.79908
81.13201	115.057755	138.83247	103.36624
58.05148	145.73924	113.40559	85.16348
69.5581	110.01416	116.13423	85.356926
98	128	36	18
98	124	48	21
40.91297	111.200584	175.85991	130.07887
29.12716	108.69473	154.28645	102.89062
41.13347	105.758896	137.05435	121.665375
27.043892	105.89726	159.77843	116.5922
32.40271	113.7511	152.3363	113.50347
22.35785	107.396286	164.88306	119.129295
42.52433	110.557785	213.78893	151.33328
22.553223	106.055916	175.52539	130.88896
99	111	43	20
91	111	41	18
96	112	34	18
93	113	43	18
95	113	46	23
30.593071	102.598015	218.49477	131.50795
37.72628	107.79739	199.67079	115.17817
86	127	61	23
87	132	50	22
70.25313	131.39575	118.12026	114.237076
89.3176	138.104	95.93597	89.720406
90.46857	141.0141	92.55294	77.79399
80.85771	142.21509	89.012886	78.69745
83.72462	141.86719	99.86357	71.23515
91.530815	147.70407	82.862656	70.39338
85.45581	151.89467	99.1686	63.716766
142	188	44	16
138	185	46	17
88.82614	151.81136	99.78146	60.962654
95.47985	148.0038	90.146835	65.324554
92.96726	149.87785	79.86336	61.942657
99.55551	148.67155	78.81027	55.772682
100.02962	145.44884	82.88998	54.996357
104.63274	138.82625	76.83384	59.23899
104.845474	134.61742	71.67416	51.740875
93.042404	125.116936	89.72977	66.04765
78.41957	128.92262	83.34081	69.988365
93.30969	126.03676	82.95038	80.72269
96.25847	129.8441	73.42691	69.963715
95.71883	130.57916	64.576256	52.708813
91.57616	124.87368	89.135765	69.525894
95	142	42	19
93.270355	117.70254	99.17532	72.55232
94	144	39	17
95	142	39	21
92.84397	122.87291	112.29079	74.277596
98	149	44	17
105	157	30	17
85.479546	145.19824	98.096756	59.046516
87.07512	145.27092	83.0084	66.43206
104.472084	147.43677	81.39378	59.294556
100.79276	138.52	97.98027	59.219048
97.0859	128.978	88.096756	76.84356
90.62489	116.62506	98.894936	85.44379
95.92407	113.65532	117.082405	95.297905
104.62311	144.12442	81.212654	59.685925
104	99	28	20
120.61028	157.3711	52.6667	40.62828
110.39578	154.19392	61.922356	45.457737
120.24992	150.762	60.676662	47.448044
122.11665	154.44383	49.251186	36.257114
107.04433	139.8323	71.603966	53.350533
115.33688	146.43726	64.74395	44.29327
107.492355	136.94344	62.64396	48.441803
104.877106	133.00291	88.53228	57.645256
120.9394	134.74802	61.64876	50.44342
106.282425	137.56967	81.96789	53.026764
102.82547	139.7146	80.310005	44.050274
105.10483	134.82014	92.65029	61.616413
110	149	40	17
101	142	53	19
93.31245	131.75964	84.25554	75.28266
91.349365	128.8784	78.96026	62.114155
111.04686	127.14882	63.875885	59.432716
111.24567	125.89306	61.736565	59.1512
113	137	55	19
115.91504	119.93883	63.25366	52.45707
117	137	34	16
107.461464	120.26131	86.24077	70.31979
101.604416	110.52707	113.305664	77.24167
62.338074	117.489105	115.73114	72.99819
102.46134	108.07587	79.7791	59.538017
97.747185	103.70303	103.31419	70.44204
85.07009	102.373535	108.14339	78.646675
104.156494	94.35614	98.00712	73.618805
115	115	48	29
94.261284	100.713196	103.256546	75.57562
104.53331	96.027145	101.37274	75.32848
84.29393	101.8483	107.2808	93.52357
90.63684	106.779045	100.293465	72.649185
89.93088	108.44719	85.06951	69.67144
110	124	54	24
108	123	58	26
105	127	57	22
117	132	46	22
95.015076	122.22528	85.61413	80.825066
90.597916	134.34732	85.81637	68.446205
96.17122	133.76866	82.63126	71.50298
109	152	36	17
107.22943	136.12952	83.317474	67.31496
108.29646	134.26666	79.11193	62.781998
103.2522	129.77203	74.98371	49.276184
79	185	45	30
84	192	36	18
117.2787	141.11752	52.776985	32.353893
123.20361	141.45766	48.937107	34.337425
127.62633	138.54396	46.682777	38.449684
125.08584	143.48892	48.975357	33.567204
92	194	27	17
121.19165	151.02106	49.693634	31.092056
114.9798	150.83759	55.26008	33.10592
125.83751	153.184	44.820976	31.652256
121.37604	151.62738	48.99899	29.70308
127.98877	147.71552	43.474236	29.908447
118.26367	141.76314	58.51904	33.032505
120.92432	135.84094	57.0784	36.121162
111.638664	131.36363	61.87337	47.342163
112.85211	122.551125	70.15643	56.80659
108.996574	120.73952	91.58476	75.50412
99.31153	98.80833	108.657	82.653305
81	190	39	19
78	189	40	23
71.90634	100.72365	119.20459	102.998924
71.57387	95.19589	137.48203	110.65331
48.42533	101.442184	133.28728	110.64859
81.80212	102.28218	102.816666	90.76194
71.57176	103.40938	110.46152	98.747826
91.93143	92.90227	102.44555	91.8638
103.11534	87.50615	105.74661	92.40024
58.24121	97.8111	136.79028	108.17518
118	114	41	22
55.225304	103.50209	136.99269	101.60708
76.09515	111.17873	102.813416	98.67837
71.5271	113.222885	103.621254	93.395164
106	126	50	20
106	137	36	17
111	131	49	19
113	136	38	19
116	141	28	17
70.91794	126.553635	107.55822	92.512054
83.409256	117.519196	125.26315	101.23965
111	143	35	16
112	142	39	17
96.25197	117.94331	77.54172	58.020386
98.98811	126.41544	73.24359	50.920116
78.645905	123.630905	99.94152	73.851715
81.49637	127.556244	109.03011	80.38746
84.713684	126.10759	90.5297	84.5846
84.46145	124.4673	93.65352	74.148094
108	133	50	20
