257.0	133.0	35.0	35.0
257	132	35	36
258	132	35	35
259	131	36	36
261	131	35	35
261	131	36	36
262	131	36	35
264	130	34	34
266	128	36	35
268	128	36	35
271	128	34	34
273	127	34	35
275	126	35	34
276	124	35	35
276	124	35	34
277	122	35	34
278	120	35	34
278	120	34	34
280	120	34	34
280	119	36	35
281	121	34	34
281	122	34	34
281	124	34	34
283	125	34	33
283	127	34	33
284	127	34	33
286	129	34	33
286	130	34	33
284	131	34	33
282	130	35	33
280	128	35	34
275	124	36	36
273	124	35	34
268	123	35	33
263	124	36	32
257	125	34	33
249	126	34	33
244	127	33	31
238	126	32	31
232	125	32	30
230	126	31	30
228	127	31	30
226	129	31	30
225	130	31	30
225	132	31	30
224	134	30	29
224	135	30	29
225	135	30	29
225	136	30	29
226	138	30	28
227	139	31	29
228	140	31	30
229	140	31	30
231	140	31	30
234	140	29	29
234	139	31	30
235	138	29	29
236	138	29	29
234	137	31	30
233	136	31	31
231	136	31	31
230	136	31	31
230	138	29	31
229	138	31	32
229	138	30	34
229	138	32	32
229	139	30	32
228	140	30	31
228	140	29	31
231	141	24	30
232	142	22	29
231	143	23	29
226	143	28	30
232	144	22	29
226	145	28	30
226	146	31	31
226	147	31	32
225	149	32	34
225	152	31	33
225	156	31	31
225	160	31	32
224	163	30	32
226	165	31	33
226	167	30	31
226	169	31	31
226	169	31	30
226	167	30	31
226	165	30	32
225	163	29	31
225	161	29	31
225	159	30	31
224	155	29	31
224	153	29	32
225	151	30	32
226	150	29	30
226	147	30	32
226	146	30	32
226	145	31	32
227	143	32	32
228	141	31	33
228	140	33	33
228	139	31	33
228	139	30	32
226	139	32	33
226	141	32	32
226	141	32	33
227	142	32	32
227	143	33	32
228	143	32	33
231	145	31	31
231	145	33	33
233	146	32	32
234	147	32	31
235	149	32	30
236	150	32	31
236	151	33	32
236	151	32	32
236	151	32	32
236	151	32	32
237	152	32	31
238	152	31	32
238	151	32	33
238	151	32	32
237	149	33	34
236	148	33	33
236	147	33	33
236	148	33	32
237	149	32	31
237	149	32	31
237	148	32	33
236	149	33	32
237	150	32	33
236	152	32	33
236	154	32	31
236	154	30	30
240	154	28	31
238	155	30	30
240	153	29	31
243	152	25	30
240	152	30	31
240	151	31	31
244	150	24	30
244	148	26	31
245	148	29	30
246	147	26	30
247	147	28	30
245	146	31	30
250	145	24	30
250	146	27	30
250	146	27	30
250	146	27	30
248	145	29	31
250	144	27	32
244	143	31	31
245	143	30	33
244	143	32	32
241	142	35	32
244	141	33	32
242	139	32	33
245	136	31	33
245	135	30	32
244	131	31	33
241	129	34	33
239	129	32	32
239	129	31	31
239	128	31	31
239	127	32	31
239	125	32	33
240	125	31	31
241	121	30	34
242	119	32	35
241	119	33	36
241	119	33	37
241	120	33	36
241	121	33	36
243	122	31	34
241	122	33	35
242	121	32	36
242	120	33	37
241	119	34	37
241	119	34	37
242	120	33	35
242	121	34	35
243	121	34	36
243	125	33	32
241	127	33	31
239	128	34	31
237	128	35	32
238	129	34	32
238	130	33	32
238	129	32	32
238	128	33	32
239	128	34	32
242	129	31	32
242	129	32	32
242	130	31	31
243	131	32	31
243	132	31	31
243	132	32	32
243	131	33	34
242	131	34	34
243	131	32	34
243	128	32	36
241	128	33	36
241	127	34	37
241	127	35	36
241	127	36	35
242	127	36	36
243	125	36	36
243	124	37	36
245	124	37	37
247	124	35	34
248	123	35	34
250	124	33	31
249	123	35	32
250	123	34	32
249	123	35	32
250	123	34	31
250	122	34	32
251	121	33	31
249	120	34	32
248	120	34	32
249	121	31	31
249	122	31	32
248	123	32	32
249	123	30	32
248	123	32	32
247	123	31	32
246	123	32	32
246	123	32	33
246	124	31	31
247	124	31	31
245	122	34	32
247	122	31	31
247	122	32	31
247	121	31	31
246	121	32	32
247	121	33	31
247	121	33	31
247	121	33	32
246	122	34	32
245	123	34	33
245	125	33	33
243	126	34	34
243	127	34	33
243	129	33	32
243	129	33	33
243	129	34	34
243	130	35	33
244	130	35	34
244	130	36	34
245	129	35	33
245	128	35	35
244	128	35	33
245	128	31	33
243	127	34	34
242	126	34	34
242	125	32	34
242	125	32	34
242	124	31	34
242	123	32	34
241	122	32	34
242	121	32	34
242	120	31	34
243	119	31	34
243	119	32	34
243	119	32	34
244	118	31	34
244	118	31	34
245	118	31	34
247	117	30	34
247	117	31	34
247	117	31	34
246	118	30	34
246	119	31	35
246	120	31	34
245	117	31	36
244	119	31	35
243	117	31	36
243	120	32	33
243	117	31	35
243	117	31	36
243	117	31	35
241	114	35	37
242	114	32	34
242	112	32	36
243	111	31	36
242	111	30	37
242	111	30	37
242	111	30	39
241	112	30	40
259	111	15	29
241.90619	109.15061	35.01202	32.79967
262	111	14	29
243.74744	109.21787	33.578056	29.861591
245.43254	109.586136	32.03129	30.780855
246.75441	110.76984	32.06338	30.984047
247.79225	109.99223	31.105549	31.143106
244.74672	108.30301	35.168114	31.900948
248.41435	108.42737	31.215115	31.34848
246.05627	105.831764	32.482773	31.755056
247.64136	106.51064	30.444595	31.511883
247.74507	104.66769	30.671719	31.087507
245.40698	103.098946	31.121958	31.56373
246.0866	103.032555	31.969034	31.991625
249.5924	102.38243	30.897207	31.863375
244.46536	102.20108	36.825203	31.837023
251.62259	103.01405	31.122505	31.667564
245.466	103.015015	37.526596	32.337074
251.69737	102.702	31.78567	31.847305
245.69168	101.61424	37.835037	32.496574
252.00021	102.353165	32.007942	31.526348
246.23044	99.743256	38.470818	33.20911
250.07916	100.53374	35.28907	31.96046
247.67	97.60275	37.84104	33.45233
252.61687	98.63229	32.20883	31.798336
247.732	96.99989	38.236687	32.414024
253.2349	95.76754	32.90321	32.350544
248.66199	94.93186	36.895195	32.875385
255.15811	92.50229	29.89423	33.615166
253.1587	92.08754	32.97923	34.100063
252.12564	92.02371	34.503246	35.329453
255.55382	92.06075	30.743914	35.43922
252.30579	91.86492	33.149845	36.433094
251.05942	92.698364	35.105293	36.76529
252.43828	92.27463	32.779457	34.997208
250.41823	91.98651	34.913113	36.159367
253.59973	92.60018	31.887562	33.369324
249.99702	92.768814	34.829243	32.953926
252.05984	93.33829	33.50795	32.2351
250.7505	91.65607	34.817776	31.379612
250.8901	92.87259	34.484932	30.773354
251.24992	93.31532	33.75259	30.796257
252.57822	94.313416	33.253044	30.34385
252.43843	96.582794	33.46511	29.829767
249.69685	99.90675	37.46165	32.502953
249.83302	100.30794	37.839558	31.995975
254.12015	101.46592	33.72163	32.38644
249.4368	101.23805	39.14702	33.5794
250.12427	101.597946	38.97608	32.653732
249.75793	101.532776	39.27143	32.996998
251.22493	100.64887	36.698444	33.66157
250.93959	101.24574	35.08541	33.993904
250.86406	100.75641	35.15627	33.75261
250.57365	101.422226	36.052265	33.697155
252.58112	101.61605	35.827152	33.89868
251.45267	101.9796	37.485775	33.765865
250.37503	101.456	38.519344	34.43277
250.32776	101.44565	37.872135	34.16302
250.43146	100.6624	36.803577	34.841927
249.69255	100.73545	36.49479	35.858368
252.59166	101.73369	33.65194	33.79697
248.83199	101.39125	36.654697	34.35347
250.50409	100.34568	35.572678	33.51143
250.19519	99.81888	35.35814	33.10062
251.15346	99.60176	34.351044	34.60348
0	59	9	38
250.3863	98.56722	35.81698	35.73483
251.48729	97.1179	35.312542	36.08434
251.81091	96.55031	35.014645	35.851257
254.03731	96.75269	34.050877	37.07324
254.56271	95.58531	33.682255	38.057198
253.98492	93.78721	34.403427	39.453934
252.72736	92.91349	35.16627	40.059643
253.9488	92.507095	34.888775	38.861168
252.96169	91.58736	35.5588	40.60932
254.20502	91.050705	35.038513	40.666286
252.77835	89.282	37.765694	41.571342
254.27489	88.65253	36.11076	42.558167
254.48392	90.202194	35.49266	38.14465
255.06032	89.79321	35.666115	38.447083
253.60852	88.73934	36.561108	39.57137
255.56653	89.41981	35.495113	34.98207
256.89603	89.617165	34.00955	31.218307
256.82217	90.14851	35.239666	32.1921
256.83588	90.28801	35.603188	32.917236
252.61134	91.42619	39.12132	35.23291
255.22787	91.90724	38.084408	33.874016
255.60649	92.01792	38.294575	34.086136
255.40271	92.85627	38.49842	33.358612
253.83186	93.88118	39.599586	33.79682
254.46724	94.82419	39.59366	33.15952
254.46426	94.94505	40.108837	32.986084
254.01994	94.64775	40.002106	32.858574
254.4721	93.17818	40.581528	33.665947
256.25037	91.52064	39.653866	33.84093
255.76631	92.06053	39.71537	33.086178
256.18796	90.97011	35.740883	33.584736
256.61597	90.12355	34.33914	35.599907
256.64102	90.98511	34.6664	36.69028
254.08638	92.08652	36.60185	35.244514
253.18658	93.238945	36.656384	35.115887
251.67728	95.35216	35.083664	34.51737
249.5948	96.82779	36.5427	34.23147
248.43819	100.49682	35.740093	33.33522
247.54434	101.01458	35.92266	34.635265
246.16792	104.84943	36.71262	35.778038
244.64218	106.552635	37.25402	37.69312
245.96266	111.783295	35.496624	37.596714
243.3508	113.43361	36.795353	38.55417
241.98303	116.67354	37.026993	39.250458
240.65173	118.60181	36.65906	39.950897
238.7143	120.8427	36.580444	41.283966
237.81412	122.66365	36.084213	42.108543
237.76723	123.502625	35.649254	43.276237
237.92453	122.62633	35.341114	42.63147
238.1662	123.35722	35.45422	34.46438
239.686	122.91977	34.682255	32.33857
240.82338	124.39205	34.40658	32.86244
240.63762	125.17789	33.552227	34.666534
240.57986	123.811676	34.1634	34.27109
240.43227	123.657364	33.436607	33.655663
240.72647	125.173325	33.40388	33.639343
242.25371	125.399124	32.9747	33.58555
242.2203	125.447716	32.380356	33.223988
242.11235	126.16031	32.24045	33.379116
241.08466	126.756134	32.33703	33.32728
239.90964	127.003136	33.208664	33.072895
238.88998	126.44302	34.188667	32.819004
239.11348	127.29214	33.363964	32.702072
238.8252	126.3909	34.20591	32.81339
239.78578	124.99114	34.75162	32.468517
240.49388	124.47121	35.343163	32.92395
239.74278	123.387695	35.528046	33.81451
238.27296	122.69913	36.048443	34.066044
240.08348	121.782036	34.98508	35.088028
237.94797	122.89166	35.534767	35.06617
238.96138	122.38697	34.825653	35.837086
239.41734	122.607056	34.612946	35.41729
239.54053	123.66993	34.446648	35.150494
239.5152	123.91079	34.119995	35.132397
239.79051	123.97528	33.82613	35.2546
239.08318	121.974655	35.185394	36.542107
239.20825	121.53978	34.748672	36.508846
239.46335	120.61467	34.681873	37.161255
238.25623	119.81258	34.9195	37.120453
238.82607	119.09369	34.18355	37.0194
238.9451	117.93341	33.41814	37.233036
239.02483	118.04367	33.594593	36.821106
238.78867	117.63316	32.91827	36.751976
239.26318	117.29357	39.65956	36.48665
238.68996	117.772446	43.12142	36.97538
238.90099	117.65225	35.71037	37.27759
238.3886	116.779045	34.21512	38.9576
237.7879	117.06365	34.647026	38.96132
238.31921	117.865616	39.94658	38.629337
238.69124	118.539566	36.42263	39.19962
239.68143	118.78558	45.966423	40.497166
238.28583	119.329216	47.8424	41.10378
239.13083	119.75266	47.869675	40.815716
238.82585	122.8587	45.555576	41.231327
239.48361	124.65832	44.870476	41.425304
239.5259	126.17656	38.608437	39.90992
238.89713	127.6573	33.252697	38.64432
237.8178	128.24054	35.7552	38.92424
236.74197	129.56451	34.602158	38.78093
236.49976	130.62411	35.10479	38.975956
234.82857	130.41684	35.827877	38.794662
236.78366	131.83397	33.909805	38.730247
236.4209	131.81282	33.94185	38.368755
236.92406	132.53357	33.914	38.12512
237.35255	132.44362	33.662807	37.58737
237.20534	135.33086	33.708393	37.290195
237.57816	135.65012	33.1803	37.486507
238.02808	136.74411	32.405502	36.571453
239.03615	137.76822	32.282063	36.65403
239.1191	140.04965	31.673407	36.033592
239.78775	142.32639	31.084278	34.95232
239.57349	145.0724	30.796646	34.77017
239.4976	146.89801	31.023705	34.510017
239.7691	149.16629	30.435186	33.79517
240.08627	150.51186	30.05461	33.168316
239.87857	153.27582	30.261074	33.05549
239.19713	154.66342	31.331722	32.904663
239.28752	155.94727	30.902697	31.982227
238.47499	157.49577	29.902967	31.470478
238.3763	159.37715	30.044088	30.391628
238.43051	159.16539	31.019659	30.871983
238.46121	160.33008	31.279127	31.070822
237.98917	161.0278	32.499187	32.414627
238.00154	161.10855	32.711514	33.528778
239.2695	161.69785	33.75263	35.143887
238.41217	161.76697	34.96504	36.531662
239.47716	161.76375	35.685444	38.467873
238.53998	163.08327	33.924667	38.34738
240.40594	165.11383	29.566778	35.353333
240.5016	165.06615	29.581146	36.51751
241.53049	165.81558	28.929407	35.988834
242.50908	165.95746	28.971045	35.87336
243.19757	165.88528	29.152353	35.873108
243.94566	165.85007	28.800627	35.797134
244.79742	166.22726	29.11528	35.725647
246.2384	166.13121	29.63042	36.40182
246.20534	165.3261	30.1174	37.862164
246.61534	164.90962	31.0322	38.511024
246.67493	164.70709	31.684444	38.984924
247.54832	165.41153	31.061056	39.348274
248.794	164.90205	30.312819	38.74635
250.16557	165.38261	29.911293	38.831085
250.14522	165.609	30.37894	38.904102
251.7941	165.89105	30.006638	38.785934
251.93036	165.98997	30.390621	38.41048
251.87027	166.23898	30.560366	38.061295
252.19846	166.38054	30.427315	38.009853
252.96169	166.74696	29.967382	37.731243
253.95087	167.67993	29.683832	37.10081
254.15398	168.52364	29.78463	36.45025
254.24257	168.87958	29.830912	36.446465
255.8346	168.71387	29.061144	35.19854
256.9024	169.68323	29.195518	34.8804
256.9276	168.75938	29.773636	34.030273
257.877	168.36148	29.996433	32.076283
256.95016	168.7511	32.36996	31.023144
255.966	166.35136	34.22626	33.075256
255.9965	165.8487	34.919582	34.164192
254.99425	163.27753	37.48764	38.576702
256.097	162.77718	33.359383	37.529747
257.56464	162.3353	31.294098	36.221733
258.22446	160.33777	31.239576	36.30342
259.89838	159.0861	31.385122	36.285587
262.74686	158.14706	31.01433	36.109177
263.79657	158.1402	32.011192	36.25514
264.9596	156.90373	32.214672	36.151695
265.36444	157.06941	31.786673	36.699123
266.89572	156.46817	32.19873	36.85952
268.43726	157.34409	32.9481	37.292915
268.87537	157.25508	32.550495	37.367348
269.2255	158.45152	32.636375	37.818665
269.48013	160.089	32.713223	37.80546
270.14456	161.2536	33.204216	37.789536
270.22012	162.40308	32.950504	38.067924
270.5289	164.20032	32.69817	37.705574
271.42935	165.67276	32.857246	37.35516
271.6765	166.78938	31.898243	37.158012
272.14038	167.45947	32.33169	36.473587
272.99896	167.88387	32.146812	35.62582
273.91586	168.65645	31.062532	33.88437
274.41556	168.73085	30.747135	33.556664
275.1755	167.94069	30.888935	33.357807
274.4424	167.58983	32.810413	31.785982
270.74094	166.16098	38.094547	36.709488
270.23376	164.47897	37.662476	39.643368
271.8935	166.23816	31.4061	36.343628
271.701	165.16107	31.52449	36.800476
271.14725	165.31525	31.563154	36.528248
271.4087	165.42072	31.515812	36.223526
271.29718	166.64055	31.310692	36.36038
271.62125	167.80646	31.656485	36.348343
271.85098	167.6119	31.453203	36.09055
271.7924	168.93448	31.283998	35.981033
271.93048	168.66974	31.980011	36.69119
271.39157	169.44011	32.38421	36.608044
271.59097	169.8838	32.19105	36.584858
271.16803	170.49727	31.849531	36.501625
270.69485	170.78467	31.924545	36.77581
270.50577	170.31381	32.0161	36.830395
270.0922	169.37299	31.904488	36.906376
269.98474	168.36156	31.95645	37.230217
269.96564	168.05878	32.32929	37.133663
270.59604	166.9091	32.293797	36.541965
270.78003	166.75018	31.766582	36.946053
270.83493	166.74701	32.03606	36.91307
271.39658	166.79562	31.98392	36.80648
272.89288	166.68646	31.995935	36.773
273.30725	166.5716	31.487886	36.438522
273.859	166.02368	31.260263	36.150394
274.47568	165.37892	30.82992	35.24891
275.2545	165.11456	30.383625	34.461067
275.63278	166.10394	30.180538	33.926334
275.52536	165.84796	30.264158	33.245983
273.9828	165.91069	34.05804	32.175804
272.18143	164.67772	37.547318	36.189533
271.57034	163.28166	38.110004	39.010105
273.5121	164.76834	31.706493	35.966324
273.31656	164.16771	31.788399	36.23702
273.48776	164.21613	31.976126	35.97503
274.0056	163.88101	32.074192	35.946526
274.09897	163.05298	31.70858	35.98801
274.53534	162.03868	32.151703	36.21073
274.8011	161.60915	32.393528	35.849255
275.51175	162.08116	32.476402	35.77865
275.7973	162.71771	32.02216	35.661617
276.5584	162.30566	31.759634	35.38122
276.77866	161.62984	32.767197	36.844257
276.81418	161.70242	33.212902	36.491226
277.88733	162.16953	33.180603	36.36342
278.9052	162.28574	33.127422	36.333443
278.8021	163.43057	32.3236	36.71998
278.61697	164.19734	32.52024	36.681118
278.8585	164.67441	32.690506	36.282883
278.7344	165.23819	32.401894	36.103874
279.24658	164.98763	32.452858	35.956165
279.49704	165.22232	31.58126	35.42395
279.68967	164.47734	31.649643	35.164116
279.51355	164.14677	30.852188	34.77029
278.9433	164.30458	30.87953	34.820347
279.11917	164.99835	31.11173	34.57679
278.8805	165.83795	30.742409	33.829468
279.45084	165.8845	30.770565	32.68625
279.50333	166.3513	30.73095	32.103
277.7666	167.75859	32.947227	31.421978
276.4919	166.73743	34.63647	33.716873
275.69522	166.21446	36.594845	35.570232
275.8027	166.51804	37.309006	36.07795
274.9465	165.25687	38.2374	37.883842
273.55313	165.5627	39.337997	38.60903
273.00296	165.31203	38.57893	40.45041
273.77905	165.41045	34.973907	38.073086
274.6162	167.14822	32.026546	35.998016
274.5804	167.84575	31.104412	35.718903
274.67444	168.05331	31.134184	35.855106
275.95474	168.49687	31.307188	35.31399
276.32028	168.45502	31.304487	34.901733
276.35513	168.90482	31.740726	35.60779
276.49823	168.90904	31.542688	35.610935
276.46027	167.6306	31.777687	36.048183
276.2784	167.18367	31.687355	36.15219
275.65604	168.08757	31.427172	36.430317
275.44824	168.56944	31.979956	36.207294
275.22708	168.78589	31.599894	35.896847
275.0287	168.95491	31.081758	35.550907
275.01862	168.9957	30.807634	35.099808
274.88162	168.86884	30.449203	34.305977
274.42288	169.21281	30.832268	32.56645
273.3375	169.48491	32.346363	31.21422
270.08643	167.3261	37.02468	35.41643
269.19528	166.58546	38.902653	37.587
269.18228	166.40706	39.192924	38.32593
269.37256	162.78696	36.99986	39.559517
270.47318	163.38823	31.808716	36.49087
270.46765	163.18292	31.889158	36.41302
271.27066	162.48442	31.858765	36.323368
271.6636	162.69041	32.06619	36.13107
272.7789	162.44572	32.48576	36.411007
272.85498	161.81172	32.193974	36.095966
273.74426	162.85576	33.96606	36.050335
273.48096	163.06145	32.296074	36.17069
273.86533	162.2311	32.212532	36.380512
274.14273	162.3707	32.063557	36.561325
274.16013	160.49307	32.32156	36.26212
276.14194	159.32922	31.897987	36.393898
275.79153	160.00488	32.662487	35.358395
276.3787	160.21776	32.74481	35.24473
275.71384	160.77989	32.234898	35.630222
275.84915	160.10233	33.155106	35.64239
276.41278	161.14983	33.332294	35.311615
276.77548	161.6532	32.727127	34.780212
277.70096	161.58217	31.992496	33.84478
278.5765	161.5036	32.16253	33.845856
279.39594	160.33801	31.497087	33.541447
279.42667	159.29936	31.94793	33.447063
280.41656	159.64807	32.171513	33.59562
280.40503	159.9945	31.965199	33.749416
280.46533	161.66711	31.938856	33.993515
281.14664	162.25279	32.75349	33.996357
282.63663	163.17108	33.095448	34.380585
282.91116	163.3761	32.972816	34.57093
283.0844	164.27466	32.82191	34.554207
283.67148	165.03802	32.728394	34.159782
284.2356	164.93546	32.86398	33.933712
285.0559	165.65565	32.684425	33.552273
285.66193	166.31488	32.52613	32.950127
285.02838	165.3261	32.50696	33.21169
284.0009	166.57733	32.769352	33.40406
284.87064	167.13591	32.275757	33.114353
284.68152	167.22308	32.528297	33.559402
284.32758	167.91153	32.865837	33.459785
284.73694	168.14581	31.917856	33.110237
284.88235	169.13043	31.569906	32.997482
284.36453	168.78365	31.507093	32.91965
286.015	169.75351	31.031372	32.566147
287.09964	169.94688	30.838476	32.57791
286.72552	171.2463	31.97993	32.385998
279.52783	172.72977	39.920624	32.854538
283.58398	173.2066	35.88787	32.783714
281.39276	173.58113	36.39937	33.068962
284.72766	174.55302	33.30394	33.339046
288.28412	175.5206	30.66173	32.91062
288.13495	176.79823	31.637522	33.252018
287.2542	176.53516	33.525238	32.269543
283.90836	176.09325	36.622143	32.03023
285.3648	176.34666	36.522552	31.716496
281.1415	175.74123	41.3265	32.33919
283.82	176.01465	39.12703	32.349373
282.16257	175.79405	40.967472	32.35016
287.41486	175.58539	35.09831	31.889296
281.26602	174.08705	41.398354	32.29569
282.27228	173.91647	41.178932	32.22212
284.17023	173.50523	39.23477	32.00135
280.0552	172.72243	42.200512	32.83324
282.90164	173.31612	39.0097	32.41836
283.42755	173.58566	39.24432	32.63155
282.73676	174.19498	39.506733	32.959377
284.268	174.11134	38.865723	32.128635
282.75647	173.03613	41.138744	31.925785
281.40906	171.99326	43.4008	32.21058
279.72858	171.08212	44.92813	33.74192
283.4775	171.27599	41.554943	32.917686
281.92563	170.4604	42.77321	33.627533
281.1914	169.89398	44.407196	33.888657
282.9777	168.94269	42.576977	32.991135
282.31042	168.655	42.258644	33.856674
282.05786	166.61853	42.386555	33.672104
279.98917	166.36916	44.000816	33.185772
280.63336	165.38853	43.568104	33.369404
280.74155	164.18636	43.226006	33.184822
282.7461	163.70734	42.02459	33.464584
279.29724	163.75128	44.59614	33.968117
281.98694	163.3481	42.37071	33.38315
283.95258	162.63242	39.762016	32.68073
284.56058	162.93448	39.80296	32.98375
284.83145	163.496	39.40519	32.782166
285.16205	163.5685	38.735825	32.550163
282.46902	163.61787	41.47102	32.847786
285.20633	163.59602	38.904823	32.323353
290.0838	163.975	34.669895	31.653513
294.61713	164.7518	30.930645	31.287544
294.6696	165.2983	30.785957	30.719126
290.8558	163.80208	35.602802	31.948141
296.0152	164.36357	30.794432	30.86722
296.6954	164.00125	29.660078	30.314264
295.0224	162.84845	30.553928	30.240244
295.07034	161.83018	31.827213	30.647913
296.42273	160.56389	31.716661	30.607466
296.61	159.70692	32.21263	31.207804
296.53793	159.60507	32.637257	31.692764
295.99905	159.42807	33.355476	32.438553
295.7181	158.62326	32.89532	33.11036
294.37024	159.46637	33.840443	33.09295
295.612	159.35503	32.45865	32.91044
294.54266	158.51813	32.5565	33.99812
294.2439	158.90332	33.63295	34.408375
293.55988	158.25197	32.7191	34.49178
294.11386	159.33136	33.319168	34.23438
295.6342	159.26208	32.707813	33.868103
285.3684	159.06631	42.72763	35.267303
286.08716	159.82765	41.72171	35.06089
286.2996	159.77513	41.360195	35.05381
291.00812	158.57458	37.104275	34.853703
290.99188	158.54335	36.00488	34.264202
289.97327	157.7022	37.694656	34.26718
291.15536	157.8142	36.739452	34.03875
294.2675	158.3785	33.390102	33.12229
293.67007	158.9528	34.13233	33.41678
293.75262	159.2118	32.681244	32.76462
293.9389	159.30626	31.908327	32.40761
294.75214	160.40529	31.599852	32.07707
293.9367	161.46632	31.830082	31.82314
294.74765	162.11224	31.158218	31.198063
294.96616	160.89989	31.16792	31.45969
294.91446	161.13327	31.483116	31.238537
294.8322	161.08838	31.630896	31.444092
293.78073	160.13536	32.109764	31.862337
293.84515	159.82819	32.24685	32.55181
294.20538	159.43561	32.556957	33.159245
294.74133	158.63025	32.73211	33.54091
295.02057	159.70555	32.58811	33.468967
295.08517	160.4483	33.116806	33.492912
295.21973	160.47455	32.93882	33.36694
294.4166	161.954	33.030052	33.215237
295.00378	162.59547	32.871563	34.10454
295.43695	162.8848	33.3434	34.59485
296.31473	163.22304	32.088577	38.16141
293.84848	163.37175	34.831043	33.0576
297.69214	163.97128	30.778055	32.33341
297.40768	165.60309	29.529158	31.402918
294.00574	166.14363	32.93252	31.352886
293.28406	167.34717	33.662483	31.408981
291.89484	166.53961	34.532066	31.350164
292.26953	167.27176	34.404224	30.739004
296.43045	167.91635	30.9427	30.47197
293.98975	168.39879	33.774445	30.741583
294.42026	168.75629	33.46702	30.150885
293.7593	169.89131	34.79142	31.601423
293.76932	170.2051	35.472023	33.05766
293.94836	171.6737	34.963474	34.392094
293.25995	173.73859	36.68707	34.36731
290.4766	175.03574	38.562706	34.744247
291.48657	176.49626	38.159073	34.866985
293.23578	176.81754	36.76151	34.918343
304.46255	176.96541	24.198471	34.50482
293.31747	175.74203	35.58497	37.578743
297.58612	176.8294	31.076626	35.92704
293.8678	176.54755	35.156097	38.59242
293.29095	178.23622	35.615456	38.195168
290.94232	176.95352	36.917793	37.101444
291.619	176.77766	35.578922	33.560574
289.50668	178.17557	36.662003	34.424896
289.6194	178.75877	36.185055	36.151295
291.3123	178.18192	35.069176	34.351635
289.2988	177.28918	37.05365	37.157623
291.31674	176.60266	35.243526	32.903366
293.81546	175.58685	34.78504	34.037754
294.21695	177.11246	34.091957	33.72968
294.9466	175.67183	33.784454	33.64219
295.33218	174.31102	32.306282	33.91885
296.4839	174.71199	31.776207	34.33792
296.1408	175.03136	32.73695	34.64916
297.09616	176.07098	31.79911	34.60254
296.07532	176.4068	32.725403	35.143875
298.65918	177.48824	30.040276	34.18264
298.51685	178.04626	30.496656	34.01007
298.62326	178.57103	30.5754	33.3174
292.47107	180.60463	37.567635	32.113037
293.5152	180.36273	36.55179	31.952158
292.7175	180.65083	36.903828	32.288372
291.88837	181.03954	37.25737	32.331764
290.83594	181.1952	38.22957	32.76522
290.97116	181.33707	39.32799	32.975086
290.42563	181.45135	39.421425	33.46692
292.28976	181.88556	37.561108	35.35698
303.73312	183.58728	25.210863	31.47794
295.85098	185.16599	32.69995	32.174683
296.5884	186.2466	31.926924	31.408113
296.73303	187.26353	31.964237	31.794909
295.27005	187.18037	32.872116	31.99356
295.33203	187.28522	32.96873	31.967272
294.91922	188.0588	32.651077	31.939137
293.50174	188.15508	32.18183	32.447903
293.18958	187.34067	31.045547	31.691473
293.81372	185.33014	30.495348	31.899216
293.18323	186.22829	30.905706	31.460155
294.24808	185.10017	29.470566	31.758345
292.7834	185.30392	31.284372	31.485292
293.39423	183.91895	30.695824	31.707382
293.6771	183.17976	30.939209	31.46011
294.8095	182.4322	30.451557	31.499561
292.55246	181.08784	31.625395	33.67209
294.60486	180.84021	30.456764	33.79646
291.92935	181.15555	32.98373	34.09572
