100.0	180.0	11.0	8.0
92	183	7	7
93	182	7	6
91	181	8	8
82	164	7	6
83	164	7	6
83	164	8	7
83	164	7	6
83	164	7	6
94	175	7	7
82	164	7	6
92	172	7	7
223.90271	160.29956	11.184322	5.4058867
231.83983	159.19868	11.93257	5.5598993
242.0379	160.89345	8.847548	4.310937
250.78271	161.991	6.749972	4.102762
255.3634	163.29689	8.013677	6.02098
257.7238	164.58434	9.563145	5.66254
261.64508	166.56601	8.336643	8.286307
263.65176	169.36975	7.2414284	7.016796
263.53012	171.46915	7.649836	7.284912
263.402	174.73732	6.9383636	5.669798
260.75198	177.98195	8.169981	6.344692
257.39	183.0859	7.935543	5.65094
252.58702	187.44206	8.383505	6.3245225
246	192	9	5
237	189	9	6
229	186	10	5
224.67229	183.62036	7.9631314	5.2765484
221.62236	181.20284	7.7151914	4.9840875
222.16248	179.56976	7.058958	6.874524
223.49556	178.22598	6.8332067	6.942094
225.96846	178.20955	7.1573153	6.7035246
229.58025	177.48817	8.994104	6.5957074
235.24654	177.72334	8.918116	6.650722
290	170	7	8
248.5238	179.37338	8.944634	6.6607046
255.39568	180.81905	8.264254	6.110429
260.8465	181.88268	7.817878	6.007337
268.1024	183.56783	8.208678	6.9509373
273.9453	185.70691	8.283752	6.8642693
279	189	8	5
286	191	8	7
292	181	9	14
276.34308	188.58395	32.006126	29.329037
236.54854	203.18861	81.526146	21.392792
287.5929	171.71756	35.216553	43.515
287.08987	169.39929	28.222954	45.51783
294.70593	174.43883	20.613462	37.54745
297	173	9	8
248.10132	162.82303	85.06121	57.961506
294.85077	171.74924	24.234606	40.54089
298.21277	175.36295	18.410856	34.95721
299.26758	176.99358	16.060604	34.518635
297.5334	175.63565	19.701977	34.716003
298.9939	177.92073	17.607721	34.674038
287.25183	170.58531	33.210197	44.765755
302.38123	177.11893	17.84872	34.470825
286.20978	175.1073	30.925789	38.60125
305.5816	176.88457	15.065408	32.14261
305.45938	179.03487	14.307859	33.007927
296.44553	178.54709	35.446083	38.389217
307.1993	179.30115	13.321957	33.308575
291.60724	182.56668	25.026093	25.914745
268.25787	222.15895	18.11367	5.253662
252.47743	210.16444	34.65176	20.813906
96	169	13	14
97	169	12	13
273.7718	176.84409	70.36396	52.26204
86	189	9	9
93	170	12	11
297.62073	180.61278	27.83875	35.45627
312.78647	182.66226	13.819477	31.786917
275.78503	173.0322	59.06054	43.09352
267.65048	220.03467	26.592278	9.73432
269.50684	221.77238	21.785755	6.607665
272.0107	222.04227	18.001148	5.253727
271.59024	220.94728	14.722961	5.6738696
272.48956	218.22108	13.014872	6.246334
269.69598	215.55333	14.945798	6.8295684
258.7637	210.86244	23.198946	7.8743086
249.66554	195.0287	40.166718	23.381767
260.0638	166.6673	81.686584	30.763016
316.5134	158.5322	16.975697	36.132584
314.86798	156.29008	17.319736	33.58137
315.73154	154.32668	15.002087	33.356068
296.36322	148.39621	45.82743	44.972298
315.30594	152.18082	15.313027	34.13721
279.8187	135.9559	72.68292	54.99559
313.7454	148.09328	18.89046	36.709003
328	181	7	7
329	183	7	6
330	183	7	6
332	185	5	6
333	186	6	6
334	187	5	6
335	188	6	7
336	189	6	6
337	189	6	7
338	190	6	6
338	191	7	6
340	191	6	6
341	192	6	6
342	193	6	6
343	193	6	6
344	194	6	6
344	194	7	7
346	194	6	7
347	195	6	6
348	196	7	6
350	196	6	6
351	196	6	6
352	195	6	7
332.98538	178.64427	44.641438	18.880116
354	196	6	7
354	196	7	7
349.61594	181.71852	33.161568	18.046473
337.98337	177.55664	37.6963	22.517399
357	197	7	6
359	197	6	7
361	199	5	5
339.3631	163.42128	27.405918	33.87749
361	197	7	7
362	197	6	7
362	197	7	7
363	197	7	7
365	197	6	7
367	198	6	6
367	198	6	7
317.9497	159.13812	53.92531	45.913452
369	199	6	6
340.97372	160.65005	39.2071	43.676147
371	198	5	6
339.85062	179.8532	38.00744	24.030436
279.21848	142.38367	104.725266	60.413757
340.17377	178.79828	37.734383	24.014935
303.3469	162.86855	82.03699	40.237934
349.4817	169.4865	32.15882	35.74539
301.859	181.10916	51.853962	13.117362
283.46393	164.92273	72.88991	33.038662
328.76648	167.7693	57.880547	41.24801
305.72318	177.5578	77.66968	28.051577
342.28015	157.52121	37.08167	46.583588
280.5996	164.35356	108.89787	39.538548
326.11285	178.22699	63.66475	26.078068
370	198	7	6
369	198	7	6
369	198	7	6
369	198	8	6
339.76138	174.31133	60.843952	34.008705
369	198	8	7
369	198	7	6
369	198	8	7
369	198	8	6
369	197	6	7
369	198	6	6
369	198	7	6
369	197	6	7
369	198	7	6
369	197	7	7
369	197	7	7
369	197	7	7
365.86453	185.77353	10.606727	9.626604
370	197	6	7
369	197	7	7
370	196	7	8
369	197	7	7
369	196	8	8
370	197	7	7
370	198	6	6
370	197	6	7
370	198	6	6
369	197	7	7
369	198	6	6
369	197	6	7
369	197	6	7
369	198	6	6
368	198	7	6
368	197	6	7
363.70126	186.43837	11.073433	9.879693
363.47693	185.79861	10.706567	9.744041
363.25653	185.39977	10.580258	9.64514
363.19162	185.41661	10.594114	9.4660425
366	197	7	6
362.30106	185.69904	10.634608	9.631009
365	197	7	7
365	197	7	7
365	197	7	7
364	197	8	7
363	196	6	5
364	196	7	4
363	197	8	5
364	197	7	6
363	196	6	5
363	196	7	4
363	195	7	4
362	195	6	5
360	194	7	4
359	192	7	5
358.49146	184.16776	10.685989	11.999891
359	183	9	9
359	183	8	9
358	184	8	9
358	184	7	9
349	194	7	7
348	195	6	6
348	194	6	6
301.95984	178.18697	63.08935	23.373081
347	194	5	6
346	194	6	6
345	194	6	6
344	194	6	6
344	194	6	6
343	194	6	6
324.7557	176.33395	43.627846	25.556234
341	194	6	6
340	195	6	5
339	194	6	6
338	194	6	6
338	194	6	6
337	194	6	6
337	194	6	6
336	194	6	6
335	193	7	8
335	194	6	7
334	193	7	7
323.35165	176.1266	47.723064	25.418781
332.18164	181.12787	28.364353	20.304089
332	193	6	7
329.67828	180.22952	34.84732	20.67091
331	194	6	6
326.3755	178.51707	40.315853	23.137293
329	194	7	6
328	195	6	5
328	194	6	6
327	194	6	6
326	194	6	7
325	194	6	6
324	194	7	6
324	194	6	7
322	193	8	8
323	194	6	6
322	194	6	6
321	194	7	6
321	193	6	7
320	194	6	6
320	193	6	7
319	193	6	7
318	193	7	7
319	194	5	6
318	194	6	6
317	194	6	6
317	193	7	7
317	193	5	7
316	193	6	7
316	193	6	7
315	193	6	6
313	193	6	6
312	193	6	7
311	193	6	6
310	193	5	6
309	193	6	6
308	193	6	6
307	193	5	6
306	193	6	6
306	193	5	6
304	193	6	6
304	193	6	6
303	193	6	6
303	193	6	6
302	193	6	6
301	193	6	6
301	193	5	6
300	192	6	7
299	193	6	6
298	192	7	7
297	192	7	7
357.57928	183.58667	10.852324	9.766845
297	192	6	6
297	191	6	7
358.0092	184.13948	10.68253	9.232182
358.32004	183.47278	10.552817	9.595346
295	191	5	6
358.29266	183.80269	10.454847	9.621604
358.43124	183.703	10.433325	9.64289
358.58475	183.83737	10.385275	9.533005
358.331	183.35815	10.498338	9.574291
358.64447	183.67455	10.443746	9.481619
358.54782	183.87837	10.626298	10.126665
358.51053	183.64005	10.89327	9.64116
359.13495	184.22647	10.832285	9.915302
292	191	7	7
359.01694	183.8487	10.657474	9.483662
290	162	8	8
291	190	6	7
290	190	6	7
289	190	6	7
288	190	6	7
286	190	7	7
286	191	6	6
285	190	7	7
285	190	7	6
285	190	7	7
285	189	7	8
285	189	6	7
285	189	6	7
285	189	6	7
284	189	8	8
284	189	7	7
284	189	6	7
284	189	6	7
284	189	6	7
284	189	7	8
284	190	7	7
284	189	7	8
285	189	6	7
285	189	7	7
287	189	5	7
288	189	6	7
291	189	7	6
295	188	8	7
300	188	8	6
306	188	6	6
410.9201	181.30904	12.50966	9.051026
415.2155	181.42908	12.244878	9.337615
316	188	7	7
320	188	7	7
322	187	8	9
326	188	8	7
330	188	7	7
334	188	7	7
338	189	7	6
344	189	6	6
347	189	8	7
352	189	6	7
353	190	6	6
354	190	6	7
354	191	7	6
354	192	6	6
354	192	6	6
353	192	6	6
352	192	7	7
352	193	6	6
352	193	5	6
351	193	6	6
351	193	5	7
349	193	7	7
349	194	6	6
349	193	6	7
348	193	6	7
349	194	5	6
348	194	5	6
348	194	5	7
347	194	6	7
346	194	6	7
345	194	7	7
345	194	7	7
345	194	6	7
344	194	7	7
345	194	6	7
344	194	6	7
344	195	6	6
344	195	5	5
344	195	5	6
344	195	5	5
343	194	7	8
343	195	7	7
465.16003	189.34233	11.164208	9.856395
464.92633	189.04233	11.161999	9.86113
464.68378	189.9822	11.091458	9.595938
464.7643	189.28017	10.825719	9.406691
464.3858	189.90848	10.986129	9.941032
465.04584	189.69977	10.8703785	9.66296
465.48346	188.98259	10.67412	9.587177
347	160	6	7
465.99316	189.40894	11.158487	9.699406
465.8817	189.04945	11.182812	9.950208
465.86038	188.79039	11.115347	9.775608
466.22577	189.17676	10.5716	9.740553
466.39767	188.85283	10.456364	9.348201
465.76706	188.9859	10.90177	9.640464
466.23468	189.1713	10.89106	9.54496
466.06897	189.96333	11.020073	9.858191
336	194	9	8
335	195	7	6
334	194	7	7
334	195	6	6
333	195	7	6
333	195	6	6
331	195	6	6
465.19724	189.5237	11.11858	9.4372225
464.71216	189.74333	10.933342	9.624597
330	195	6	6
328	195	8	7
465.19263	189.44872	10.954453	9.959461
327	194	8	8
327	194	7	7
327	194	7	7
465.57666	189.24437	10.872094	9.9835
464.6558	188.99358	11.4304085	9.795967
465.6178	189.56833	11.143226	10.125808
466.42685	188.99728	10.718471	9.468938
464.97614	189.2382	13.07705	9.871068
467.3907	188.53333	11.596485	9.878775
469.6303	188.93394	11.269487	9.822254
471.44342	188.86584	11.65005	9.617063
258	167	8	8
475.15546	187.90819	11.200734	9.88328
476.16125	188.11339	11.196273	9.709319
476.93582	188.64456	11.466194	9.531508
264	165	8	8
477.5884	188.18886	11.243564	9.540427
478.23572	188.43234	10.958066	9.810928
477.63992	188.95645	10.730276	9.550158
477.17963	188.83487	10.729177	9.468471
476.3812	188.71547	12.7766075	9.824269
478.02798	188.90883	10.962307	9.472125
477.89044	188.90782	10.917705	10.235374
477.6493	188.81134	11.190844	9.654538
477.7764	189.14285	11.406128	9.464523
478.03735	189.36954	11.158389	9.445982
475.4222	189.88339	13.692728	10.0198345
111	149	9	7
111	149	9	8
476.69977	189.26096	11.839862	9.214834
477.61703	190.29144	11.0972805	9.88988
89	145	5	5
86	144	6	6
477.3443	190.55086	11.881457	10.171801
477.2441	190.21028	11.511569	10.15833
477.2905	190.21442	11.844215	9.743874
477.88684	191.23502	10.779458	9.605188
477.1087	190.87138	11.347565	9.868916
476.43918	191.58615	14.016679	9.795412
476.82587	191.24733	12.058464	9.819654
477.96432	191.0482	11.045085	9.772227
478.34998	191.33073	11.143057	9.837299
478.01465	191.4334	10.981689	9.583714
476.6229	192.1753	12.294477	9.7734375
477.8227	191.73657	11.1115	9.376597
478.33408	192.67558	11.06271	9.842822
124	184	7	6
478.2176	192.42268	10.9236965	9.854473
478.30002	192.70909	11.344811	9.87005
479.77103	192.64272	10.962105	9.580719
480.1152	192.81583	11.062384	9.769514
480.82074	192.0663	10.965207	9.208038
482.19888	192.57768	11.5596485	9.323426
135	166	10	11
486.19135	192.99231	11.437693	9.192368
488.64426	192.12514	11.759234	8.721209
146	159	9	15
495.6448	191.91542	13.268113	9.811533
500.809	191.3793	10.758341	9.148418
505.85858	191.48328	6.0246763	9.344885
167	167	9	9
173	166	10	10
176	165	12	11
179	163	12	13
448.33438	180.35605	58.780838	20.224714
462.02322	185.24925	46.965702	15.202397
461.42197	185.62025	44.932934	12.86867
239	157	7	7
239	156	7	7
464.93478	184.0152	24.029657	11.299194
466.6559	185.81105	14.03051	8.276617
458.0785	176.51425	33.957478	20.354229
464.9195	185.81427	39.906548	12.073324
465.9912	186.18013	27.846407	9.90897
436.56424	165.43292	53.187813	32.548813
423.67722	138.39189	58.766262	52.05356
362	195	6	6
361	194	7	7
361	194	7	7
360	195	7	7
360	196	5	6
359	197	6	5
358	195	6	6
357	196	7	7
357	196	7	7
356	195	7	5
356	196	6	4
355	196	7	5
355	197	6	6
354	197	7	7
354	197	6	7
353	196	7	6
353	197	7	7
352	197	6	6
352	198	6	6
352	197	6	6
351	198	6	5
351	197	8	8
350	197	7	7
348	197	8	7
346	198	8	6
346	197	6	5
346	198	7	7
346	198	6	6
344	197	7	7
344	197	7	7
343	197	6	6
342	197	7	7
342	197	6	7
341	197	6	5
340	197	7	5
338	197	8	6
339	197	7	7
339	197	6	4
338	197	6	7
337	196	6	4
337	197	6	7
337	197	6	6
335	196	8	4
331	196	11	5
333	196	10	4
333	197	8	5
333	195	7	4
332	196	7	4
332	195	9	5
332	195	8	5
332	196	6	6
331	195	6	4
330	195	7	4
329	195	7	4
329	194	7	5
328	194	6	4
328	195	5	4
332	173	7	7
335	183	8	10
320	195	5	6
319	195	5	6
318	194	5	6
314.20312	191.58276	12.071229	10.893932
281.43585	175.49017	36.96284	21.352972
313.44336	160.63475	24.693995	39.319347
319.77325	161.4201	19.889925	40.195366
319.07898	158.89047	20.437025	39.84423
311.77448	157.23747	29.889862	45.225075
319.37842	159.50568	19.36565	41.015305
318.30707	159.13339	17.73139	40.106083
329	173	7	8
329	172	7	9
317.4669	159.1412	16.296806	38.995216
315.75858	158.00612	19.61917	40.481373
317.82803	156.3563	16.020947	41.73817
310.22446	154.1995	26.502937	44.150887
316	190	5	6
315.29062	152.96484	18.814634	43.601765
313.89755	153.90933	19.88564	41.87456
312.7224	150.81781	22.470112	43.03419
312	187	6	6
313.27786	152.21448	21.693705	41.581306
303.37875	142.98666	29.210882	51.270744
310.70514	151.47102	24.919573	42.136543
311	183	6	8
308.90094	146.83624	26.04189	44.75194
312.18777	148.69882	23.616909	43.87468
308	182	7	7
308	182	7	8
269.89105	142.62282	60.0089	58.06789
234.17424	123.52665	95.85245	82.3109
306	181	8	7
309.34857	144.21385	25.574669	45.682407
321	158	9	10
321	156	8	12
312.82962	144.36804	21.670208	41.854507
320	157	8	12
320	160	7	7
321	159	7	8
320	159	8	8
322	159	8	8
322	158	9	9
321	155	10	14
