369.0	48.0	12.0	71.0
370	46	11	71
369	49	11	70
368	50	12	67
369	52	11	64
368	51	13	69
369	50	14	69
367	51	13	70
368	53	11	68
368	52	11	68
367	51	13	69
368	52	10	68
368	51	11	69
368	50	13	68
369	51	14	67
370	50	11	68
369	52	10	67
369	50	13	68
368	51	12	66
369	52	11	67
370	50	11	70
369	50	13	67
369	52	13	65
369	49	15	68
368	49	14	70
368	52	14	66
368	49	14	70
369	50	13	67
369	51	13	67
371	50	11	64
369	50	13	67
370	50	13	67
369	52	13	65
369	48	13	71
369	52	11	67
368	50	13	68
368	50	13	68
368	50	13	67
368	50	13	68
368	52	13	65
369	53	10	65
366	51	13	67
367	51	12	68
367	50	14	70
369	51	10	68
370	51	10	68
370	50	10	70
372	49	13	69
373	50	13	69
373	50	13	69
374	50	12	68
373	51	14	67
374	48	14	70
374	50	13	68
377	48	10	71
378	51	9	68
377	48	12	70
378	49	10	72
379	48	11	76
381	47	11	72
381	50	14	67
383	49	15	68
383	48	14	69
383	47	12	70
386	48	15	67
387	47	13	68
388	49	13	64
390	47	12	67
392	47	13	68
392	48	13	67
394	45	14	68
394	48	14	66
396	45	14	69
396	46	12	67
400	48	12	62
399	47	13	64
401	49	11	59
403	46	15	65
403	45	15	66
406	44	13	65
406	45	14	64
408	47	15	61
410	43	11	69
409	47	12	62
411	47	13	58
413	45	12	63
415	47	13	57
416	48	13	58
418	45	12	61
417	47	10	54
420	46	13	59
421	47	13	58
423	42	13	61
423	49	16	56
424	45	16	60
424	46	16	60
424	46	16	57
423	46	15	58
423	46	17	60
422	42	19	57
419	42	12	64
417	46	13	57
413	46	12	59
410	46	12	59
408	48	12	56
403	50	13	56
402	46	12	58
398	48	13	57
397	47	12	58
394	47	12	60
392	48	12	59
390	50	13	56
385	52	14	55
386	51	14	57
384	48	12	59
382	48	12	60
379	48	13	59
380	49	12	59
378	50	12	57
377	52	13	56
375	50	13	57
374	52	12	55
372	50	12	57
371	49	12	58
370	51	12	57
368	49	12	59
367	52	12	55
367	53	12	55
366	47	11	61
365	50	11	56
362	50	12	56
361	50	12	57
359	51	13	56
358	45	12	65
356	49	13	59
354	50	13	57
352	49	13	59
352	51	12	58
351	46	12	63
348	55	12	52
347	52	12	54
345	53	13	54
344	56	12	50
344	51	10	55
342	53	11	53
342	49	12	60
340	53	10	53
338	54	10	53
337	58	13	51
334	57	14	51
333	60	12	46
333	58	13	49
332	43	12	65
328	54	12	51
328	55	12	48
327	52	11	52
326	59	11	45
324	55	12	49
323	53	12	50
322	58	13	45
323	35	13	69
322	55	13	49
322	46	11	60
322	46	12	64
319	60	14	43
321	47	11	63
319	44	12	64
318	55	12	49
317	58	13	47
316	56	12	49
316	52	11	56
314	53	14	54
313	58	13	50
312	61	13	46
311	62	13	47
312	37	12	70
312	58	11	48
312	49	9	56
311	74	5	28
308.71167	58.27436	13.80859	49.61351
306.65787	41.03503	15.78361	67.42115
307.12195	60.569397	11.421147	44.821835
305.629	62.31318	12.598478	40.710583
296.2036	40.862553	28.015644	71.70162
336.2875	60.756187	22.647848	61.314774
326.49847	63.063553	26.319017	61.295944
351.6795	57.410957	38.628716	69.16217
352.89212	57.581966	31.561485	81.18734
365.551	55.812275	26.412102	77.481865
347.42987	54.761753	23.340109	85.69982
364.3638	56.677124	29.72594	82.5762
355.77048	60.63297	28.319736	69.65058
347.13095	60.81651	29.404478	69.923256
356.136	57.076588	27.540792	77.970665
356.3554	53.986435	26.665157	80.84955
369.011	58.399242	21.982073	72.53231
348.46115	59.82847	32.045483	74.446976
324.78964	62.817608	24.683378	71.12916
347.79834	60.02484	27.428236	78.44934
375.11157	53.273624	24.49407	89.851845
346.65887	60.681263	31.161093	74.91268
348.57962	56.43165	28.620945	86.60219
355.04224	55.52714	32.22378	82.32432
346.92535	53.185287	34.066	88.884674
348.2466	57.417797	38.840664	79.54926
344.3057	62.013847	43.921585	76.18971
346.824	53.672825	33.7697	84.57967
362.7792	57.693935	24.217466	76.57069
350.15564	58.02976	26.998802	85.07656
349.21808	56.443504	23.806358	81.72987
318.87708	62.965847	27.932962	74.702034
353.99335	59.34971	37.021126	75.85591
366.65692	56.13613	37.45839	81.15312
342.84274	61.28107	36.27398	70.23867
332.0611	60.060726	36.01916	75.84077
347.24582	54.01168	28.730053	86.49773
367.96887	58.36826	38.219734	78.06374
370.9822	55.084183	38.16862	79.765045
258	79	7	38
321.39532	61.73587	25.300913	71.74176
351.2516	56.69932	25.519806	70.12957
257	78	7	37
358.4061	55.645657	27.626667	83.96131
348.995	55.35171	26.97677	87.63151
349.401	51.44573	29.133577	92.915306
340.92923	53.716194	24.32513	89.37956
345.26306	55.50828	30.30323	89.39286
347.3172	53.02398	33.72407	92.06294
250	77	7	29
363.13052	60.359295	28.733692	75.34104
248	79	6	27
337.08328	55.791553	42.419613	87.08346
246	78	5	26
245	75	6	29
352.03757	52.09349	33.002	89.70532
362.0351	58.514843	34.835567	79.454506
365.9389	48.747	29.55991	94.24727
242	77	6	29
350.52124	52.66708	36.494675	87.141045
241	78	6	30
347.6668	59.52434	34.823826	76.63253
349.63568	53.282246	29.864004	90.63122
345.70285	56.347233	31.874493	81.715965
347.5252	57.23851	30.151947	84.272766
342.89133	60.06449	37.772156	79.08026
346.33917	53.85205	36.79049	89.0611
352.16696	58.423397	36.864082	78.5023
356.0511	56.341103	31.691854	81.421585
342.63013	58.40094	38.37711	84.19296
350.72943	55.727715	32.75467	82.7578
367.2362	51.632034	27.275743	89.224884
367.39154	58.00546	33.85267	80.25385
341.8836	57.51925	44.00997	80.43712
228	77	7	28
346.97253	60.810802	40.466095	80.50529
351.82004	60.280983	29.547783	81.44847
341.98206	58.075336	34.168354	82.36596
229	68	8	40
345.99152	58.810143	31.980131	80.69905
230	30	11	79
354.66913	53.884045	39.284664	86.53922
234	32	10	70
235	34	10	74
357.27698	52.310215	25.440945	87.32571
346.3112	54.1773	28.64269	87.17674
274	36	12	61
273	25	13	72
275	27	11	69
274	29	12	68
357.46118	50.81191	25.433107	90.700645
344.57846	53.4671	34.018936	89.1363
343.1703	54.786076	39.4811	83.36791
277	43	9	53
364.87543	53.10686	21.00713	84.49918
360.7869	55.61433	24.692034	84.700905
368.248	55.1068	28.990969	82.303246
356.72437	55.472115	34.760433	79.85719
351.9708	52.38508	25.884806	88.76466
358.92905	53.463337	23.680744	89.738976
366.02612	50.788643	26.982744	87.5179
352.36688	48.25632	29.823395	97.44482
364.8383	46.36698	25.215796	89.67839
366.38892	52.072124	19.835457	89.21293
363.77325	52.72177	22.186533	86.23227
343.60104	56.90895	27.973454	81.01538
343.1175	52.066628	27.782335	91.761826
363.16364	51.11061	35.55442	85.218414
414.45947	38.672916	40.552856	110.09289
437.75583	50.73388	29.554739	95.030014
428.0266	49.407795	34.58026	97.7709
429.07193	46.06146	30.345913	104.913216
424.8062	49.442513	33.377308	103.10979
252	134	8	30
251	129	9	36
251	134	7	33
427.04535	45.254215	32.004	107.95251
251	132	8	36
252	137	7	32
251	136	10	33
251	134	10	35
252	138	8	33
253	140	7	30
252	139	8	32
249	131	12	41
253	136	11	36
254	141	7	33
254	121	10	53
255	140	8	35
253	123	12	53
254	126	10	51
441.925	51.450912	16.988373	45.375
254	126	10	52
257	145	8	32
255	124	10	56
256	138	10	41
257	133	10	47
256	120	10	59
256	130	10	51
444.382	52.0942	18.100258	47.970688
257	129	9	51
257	123	10	57
256	122	11	57
257	133	10	47
256	127	10	54
258	125	11	57
256	121	11	61
258	138	9	43
257	134	10	47
258	127	10	55
257	136	11	45
255	122	10	59
442.34637	45.00459	19.019382	56.47358
257	134	11	47
258	140	9	42
258	136	10	46
258	129	10	53
258	138	10	44
259	134	10	48
259	128	9	53
260	131	9	51
259	139	11	43
259	122	12	58
261	122	10	61
261	113	15	71
263	117	14	67
264	118	13	65
266	120	12	64
267	127	11	56
270	134	10	49
269	122	11	63
269	126	11	56
272	118	13	64
275	140	9	43
279	126	9	63
280	131	8	54
281	111	11	74
283	111	11	76
285	111	11	75
286	115	10	73
287	116	11	73
288	111	11	76
289	112	12	77
290	111	11	76
291	114	10	72
292	104	11	84
295	110	10	77
295	112	11	76
297	111	11	77
299	110	10	77
296	90	15	98
301	113	12	75
302	105	11	82
303	99	14	88
303	83	14	104
305	84	16	101
306	78	15	108
309	111	11	76
306	83	16	101
311	110	10	76
312	105	11	81
314	105	12	81
315	119	12	68
317	118	10	69
318	120	10	67
318	108	11	80
320	121	10	66
322	129	9	59
322	115	11	74
323	115	11	73
324	115	10	73
324	115	12	73
325	113	12	73
327	113	12	72
328	114	12	71
333	134	9	51
334	136	9	50
336	132	9	53
337	121	10	63
338	109	11	75
340	116	12	70
343	130	9	57
344	114	10	72
345	118	11	68
346	118	11	68
347	121	10	65
347	123	10	63
348	117	10	70
349	122	10	65
349	123	10	64
349	115	11	72
350	117	11	71
351	107	12	80
352	115	13	74
355	114	10	75
355	117	12	72
355	104	12	87
356	104	12	86
356	109	13	81
358	113	12	77
357	93	16	98
361	111	12	81
362	118	11	73
362	112	12	79
364	112	12	79
365	108	13	84
366	109	13	87
369	135	10	61
370	134	11	64
372	134	10	67
374	137	10	66
376	136	10	70
376	140	10	68
377	137	11	71
378	137	10	73
378	141	11	71
380	143	11	71
381	144	10	72
381	144	11	73
382	148	10	70
381	145	11	74
382	144	11	75
382	144	11	76
383	145	10	76
384	145	10	76
384	146	10	77
383	147	12	75
384	142	11	80
384	144	11	79
384	144	11	79
382	132	13	92
385	146	11	77
385	147	10	77
386	148	10	76
384	130	12	95
384	127	12	97
386	145	11	80
384	124	13	100
387	145	10	80
387	147	11	79
387	148	12	78
388	150	10	76
388	148	11	78
388	149	11	77
388	151	11	75
388	151	11	75
388	148	11	79
388	148	11	79
387	150	12	76
388	149	11	77
388	148	11	78
388	149	10	78
388	148	11	79
388	147	11	80
389	150	10	77
388	148	12	79
389	149	11	78
389	150	10	77
389	149	10	77
388	149	11	77
389	149	11	78
389	149	11	77
389	148	11	78
390	151	10	75
389	148	11	78
389	150	11	76
388	146	12	79
389	146	11	79
389	149	11	76
388	150	11	74
388	147	11	78
388	150	11	75
387	147	11	78
386	144	12	82
385	147	10	78
383	149	11	76
381	145	10	79
379	148	10	75
376	144	11	78
374	146	10	74
372	142	10	77
369	145	10	73
367	145	10	72
364	141	10	76
362	142	9	72
358	139	11	74
355	138	11	74
354	140	10	71
353	136	10	74
351	137	11	72
349	138	11	68
347	137	11	69
347	93	16	111
343	135	13	68
342	132	13	69
54.234253	63.195103	268.86096	106.60729
341	103	14	92
338	102	15	94
336	128	13	67
337	102	15	91
338	104	15	92
339	123	14	71
341	137	12	59
59.594833	54.320545	250.238	107.64712
347	123	14	76
349	135	12	65
353	136	11	66
355	140	9	62
355	138	11	64
358	134	10	69
361	136	9	68
363	139	10	65
367	140	10	65
370	137	10	67
372	134	11	69
375	140	11	64
379	137	11	67
49.437866	63.437775	264.34174	105.43329
385	133	12	69
55.82644	73.47847	127.74159	92.21757
24.797562	72.137634	102.78516	92.948364
391	122	14	80
396	133	12	68
43.96251	64.962944	257.61862	114.6017
26.099304	62.2218	152.46606	116.81287
51.54181	67.29764	195.24457	104.05657
50.437027	68.50771	263.0471	111.4626
52.829315	55.869694	249.1022	108.48095
69.177795	71.75005	232.16696	96.12068
49.62738	60.38642	239.61087	110.541
40.252563	58.23176	266.52292	110.61699
14.545578	56.37761	293.33282	121.6445
51.58635	62.4236	240.23892	105.50772
40.51425	61.16004	257.05524	106.90831
28.623337	49.054012	297.92093	124.79456
38.61377	57.897243	271.32288	114.170906
26.198128	69.729645	189.76927	99.665405
56.198914	57.412743	258.1244	119.31502
58.110596	60.527824	240.44403	108.119095
88.51549	41.635338	286.89127	143.03835
272	22	14	77
57.954254	64.666046	253.04828	109.706116
52.7082	67.840706	244.7014	105.67052
53.93585	71.46216	124.04383	97.20342
35.85997	75.65113	137.87167	88.08391
272	24	14	75
26.50328	74.4556	171.70047	88.03059
42.862152	59.694027	226.57745	112.4585
274	23	12	76
57.050743	68.106674	238.38893	101.04276
50.246872	61.520145	240.77048	108.411064
273	25	14	72
273	24	13	72
273	23	14	75
274	22	13	77
272	25	14	73
31.922058	56.961235	260.79532	107.47389
41.76091	56.336678	259.44778	111.777084
53.926147	66.04509	256.5228	98.937775
57.333252	72.09369	100.88785	95.387085
273	22	13	78
31.229683	75.32953	99.434616	88.91582
32.661488	72.42468	99.34603	94.52269
30.329872	75.73772	102.37163	87.6296
273	22	13	78
29.250595	74.49642	132.5159	91.06029
43.639557	66.36525	243.9997	102.5913
40.376495	57.260746	254.14423	110.21801
275	36	11	61
274	33	12	67
47.10991	47.98796	315.85092	139.33377
274	32	13	69
64.63315	57.22682	259.07065	115.07968
274	22	12	77
62.296387	53.46009	241.43796	113.65086
48.759254	70.10036	235.03224	101.95022
37.11142	64.274475	262.7959	108.67573
52.126225	59.717262	106.75707	115.02635
22.736668	72.66481	121.45858	92.142975
25.157516	75.20921	154.3186	91.50759
41.897156	65.18686	176.93857	108.26055
55.12832	61.805172	249.34325	112.047554
50.522064	62.421715	274.84338	109.14107
345	96	14	85
353	108	10	74
360	115	11	71
367	128	10	59
372	119	11	69
377	95	15	93
382	96	15	94
51.724823	56.959076	248.54114	119.3952
32.044044	68.83125	169.7183	102.44803
408	132	11	54
35.090973	63.943565	265.0807	108.17879
417	138	13	46
34.781837	75.574776	129.61357	93.34099
425	143	12	41
61.001385	76.46146	69.569496	87.49329
32.361702	75.578995	100.709274	84.32659
20.954845	75.794586	114.43177	101.31184
26.125114	78.18121	103.04216	85.6162
25.211521	77.114624	118.796104	89.08109
26.476479	71.32694	105.33446	91.43678
22.36295	74.5077	108.29586	88.61006
23.014149	75.40459	126.160484	97.326935
28.944641	73.73109	216.2107	95.82213
44.089935	62.799473	251.90997	104.57787
30.397354	59.141666	260.0543	111.13885
414	153	13	38
405	125	12	66
55.016853	63.10542	239.44804	105.159706
57.127792	63.155407	240.36844	102.574135
379	105	13	87
372	117	12	73
366	112	11	78
360	137	9	49
353	105	13	79
348	113	11	68
342	109	13	70
335	118	14	59
30.30077	74.69976	99.85119	89.314316
325	108	17	61
24.703423	76.30734	107.22548	87.91467
34.101414	75.13225	101.07488	89.38978
29.529835	75.57541	101.08843	88.50927
29.51564	75.76041	100.379486	88.447716
25.98862	74.05893	103.977165	89.31976
25.466763	75.03682	105.64179	89.17652
27.77462	74.30475	106.89641	90.76603
31.600925	67.87061	116.14721	99.61134
27.288055	75.754654	105.29474	88.99054
274	22	12	78
27.042385	75.01952	104.47892	89.28221
24.550072	76.90425	108.122665	86.94026
273	23	13	74
36.99811	74.44938	99.47097	90.4879
29.974789	77.028336	107.10938	87.42971
26.138866	75.274086	105.880684	87.95734
25.526619	75.89722	119.37846	87.027466
273	23	14	76
31.028786	73.92662	102.215775	90.42344
22.991734	76.11349	117.72634	87.440186
26.265648	75.897575	106.13515	91.3376
274	21	12	77
21.129417	75.343765	111.02867	90.23026
25.90261	75.61	115.875595	89.986946
29.425728	74.427635	118.38405	89.49028
30.53955	74.78428	129.8245	86.53218
24.04382	74.83933	109.51481	88.46321
25.378864	70.99907	122.799706	93.60391
30.924095	73.888084	136.32124	90.876114
22.077915	65.55464	85.026665	101.285675
25.621788	74.81009	103.06096	92.02328
26.768353	75.35538	111.2501	89.832794
32.34509	74.86908	103.56739	89.503136
23.922195	76.00336	106.12891	86.52112
23.907135	75.38511	106.67859	88.437454
27.338432	75.321915	74.27672	85.64938
32.84621	77.7208	98.60424	85.21733
22.210571	76.02519	114.489655	89.4494
272	26	14	72
29.579903	73.06906	98.94298	94.663635
27.323189	75.87047	121.87807	89.00669
25.473793	75.9364	137.89143	85.913445
272	21	14	80
23.064026	75.264496	139.21167	90.95759
45.677048	64.76051	248.0549	103.790504
35.00836	63.541046	259.34753	107.6311
26.686386	60.67945	265.09818	110.29051
273	23	14	77
64.04039	58.48075	237.27554	107.66075
47.925583	70.749466	227.40732	105.00626
25.096283	63.421383	270.1811	103.06696
272	23	14	76
271	27	16	75
277.06088	31.798424	131.61955	135.31282
211.22552	28.510582	212.45935	138.79848
273	24	14	74
27.309402	67.10483	277.77826	103.82775
31.55616	65.92333	245.71806	102.812454
272	23	15	75
274	22	12	77
45.160805	52.36655	155.92632	113.525566
48.412666	66.13789	196.84233	103.13979
47.93445	63.154827	268.54663	110.38383
52.545937	69.62628	108.64885	96.00842
30.763039	74.84374	105.94258	89.66109
34.85182	72.46501	102.89038	93.03654
35.181652	71.885765	105.38267	94.4205
273	19	13	85
31.228466	75.289246	119.65223	87.24821
271	23	16	78
273	22	13	80
28.91497	73.57132	105.26024	92.1148
274	27	13	77
29.464634	76.22219	108.57195	89.15941
272	23	15	77
273	23	13	76
24.952538	75.11625	105.702774	89.86641
29.222942	74.57644	106.60212	90.29524
33.328857	72.42746	99.32474	93.1932
23.077507	76.72873	115.609116	87.82101
272	24	14	73
29.818214	74.69603	103.04289	87.506935
27.37299	74.09852	105.10775	89.50287
22.857098	74.6765	110.53553	89.997955
25.394543	74.56963	113.07209	92.16786
24.972378	75.964874	108.08042	88.00953
25.890171	75.85272	117.392815	87.865746
273	23	13	76
45.67639	74.8531	90.20178	87.460655
48.87108	67.76375	78.95264	95.11219
272	20	14	80
44.90888	64.656296	89.423454	98.83934
29.356499	72.45804	78.0305	98.51137
33.307682	77.59606	89.6744	84.20831
274	24	12	74
26.833271	74.02627	110.643486	90.61372
27.22031	72.73867	104.10253	92.17226
22.695477	70.50576	113.72553	93.36076
22.21801	72.25935	113.44389	91.54553
25.680077	75.9306	118.67876	87.99814
22.621216	75.75486	165.39688	89.87752
272	25	14	72
73.04122	42.34458	162.5331	134.02632
32.307037	65.86098	256.2467	106.347084
273	32	13	66
25.857193	61.044666	269.26974	111.54153
47.313316	69.226746	114.980484	109.90661
273	26	14	70
274	27	13	76
49.635994	65.556725	238.63292	107.65761
36.969444	72.34488	124.570145	98.946655
22.940907	75.51698	111.12649	89.985504
31.040173	76.09159	100.07435	85.91087
21.437424	74.61673	112.23129	97.99589
26.948929	73.695526	112.8533	90.18728
24.234333	76.36215	111.61617	86.695915
27.393532	73.87979	106.02638	88.987175
23.380959	75.79119	107.46394	89.729416
273	25	13	72
26.08841	72.17772	104.77042	91.01948
24.401112	75.47245	109.20602	89.60803
25.792805	73.25137	126.75997	90.43537
28.475704	71.97038	114.16645	92.806915
20.849983	70.098816	136.30705	101.65276
64.30611	36.33297	150.57162	135.53236
58.54367	59.421852	268.52917	101.46843
34.715347	64.666336	257.85294	115.626305
25.941788	63.414055	280.62112	112.84157
