415.0	67.0	33.0	52.0
401	63	30	52
388	59	24	51
370	55	26	50
353	50	30	50
339	46	32	50
328	44	31	48
317	39	33	51
310	38	32	49
300	38	36	46
298	35	31	49
295	34	28	50
292	34	28	50
292	35	27	48
293	34	24	50
296	36	21	49
298	37	21	49
300	39	23	49
302	41	26	49
305	43	24	50
308	44	26	49
311	46	28	49
314	47	28	50
317	49	29	50
320	51	29	50
321	53	29	50
323	54	29	51
325	57	28	51
326	59	29	51
326	60	29	51
327	62	27	51
327	63	27	51
328	65	25	50
329	66	24	51
330	67	23	51
331	68	22	51
332	69	22	51
332	70	24	50
333	71	25	50
335	73	26	49
337	73	27	49
340	73	28	49
341	73	29	49
343	71	29	51
347	70	28	51
349	70	28	52
353	71	25	51
354	70	24	52
354	72	23	51
354	74	22	51
351	75	25	51
348	76	27	52
344	78	27	52
339	79	28	52
334	79	29	52
328	78	28	52
322	78	28	52
318	79	28	51
311	79	27	51
308	78	27	51
303	76	26	51
296	73	26	51
280	71	33	52
279	69	31	53
280	66	26	58
277	64	23	56
274	64	24	57
271	64	26	57
269	66	28	56
269	68	29	57
268	71	29	54
271	75	28	50
274	75	25	52
276	75	26	49
279	78	27	43
274	74	38	57
278	74	20	49
279	74	20	50
279	74	19	49
280	75	18	49
280	76	18	49
281	77	18	49
281	77	18	49
281	77	18	49
281	76	18	50
280	74	18	50
279	74	20	48
280	73	18	51
280	72	18	48
280	73	18	47
280	72	18	48
280	73	18	47
279	73	19	47
280	73	18	47
280	73	19	47
279	73	19	47
280	72	18	48
280	72	18	48
280	72	18	48
280	72	19	48
280	72	18	51
280	73	19	51
280	74	19	50
279	74	19	50
279	73	19	51
279	73	19	49
279	73	18	48
279	72	18	48
279	71	19	49
279	72	19	47
279	72	19	47
280	73	18	47
280	73	18	46
280	73	19	50
280	73	18	50
280	73	18	48
280	73	18	47
280	72	18	48
280	73	18	47
280	73	19	47
279	73	21	50
279	75	22	37
279	71	27	52
273	84	25	39
265	75	32	54
279	76	19	49
280	78	19	49
280	78	20	50
280	79	19	48
280	78	19	50
280	78	19	49
280	77	19	48
259	77	25	47
268	80	29	48
274	75	30	67
279	75	20	48
278	76	22	48
280	76	18	49
280	75	18	50
280	75	18	50
280	76	19	49
281	77	18	49
280	76	19	49
281	76	18	50
280	75	19	51
280	74	19	52
280	74	18	50
279	73	19	50
279	74	18	47
279	72	18	47
278	72	19	48
279	72	18	47
278	73	19	48
279	73	18	48
278	74	20	48
278	74	20	50
279	75	18	47
279	76	18	46
284.05667	47.610382	37.84222	35.638783
289	47	26	39
292	47	26	41
294	49	26	42
300	53	22	43
304	60	30	41
313	64	26	43
322	71	27	43
335	77	25	44
349	85	23	44
364	90	19	46
375	94	22	47
383	97	25	48
391	100	26	48
396	102	29	48
398	103	31	49
398	105	32	49
394	106	33	50
388	109	33	51
378	111	33	51
366.3249	114.51086	32.647434	52.011913
352.20343	115.48138	31.622053	51.866436
335.71732	115.967026	29.79004	51.24697
319.84503	113.34868	27.299631	51.74035
305.74225	111.04239	23.52764	50.819767
279.0269	78.36554	21.404213	46.653908
276.5997	79.44535	23.03174	44.205402
271.60654	77.534744	27.333317	53.988304
248.94716	85.93483	28.464643	48.448692
241.54291	81.57436	30.037111	47.00052
236.37912	76.93921	30.83897	47.068428
236.17436	75.89496	30.637829	46.1358
237.64552	76.43207	29.349104	46.032604
281	78	19	49
281	78	19	49
257	88	24	47
268	78	33	53
281	79	19	36
281	78	19	50
281	78	19	49
281	78	18	49
281	78	18	49
281	78	18	50
280	77	19	50
280	78	18	48
280	77	18	49
280	78	18	49
280	78	19	48
280	78	19	48
280	78	18	48
280	78	19	48
280	78	19	48
280	78	19	50
280	78	19	48
280	78	19	49
280	79	18	47
279	81	20	49
280	80	18	49
279	81	19	48
279	80	19	45
279	80	18	49
279	80	18	49
279	80	19	49
279	80	19	49
279	80	19	48
279	80	19	50
279	81	19	48
280	81	18	49
280	80	18	49
279	80	19	50
280	80	18	50
280	79	19	46
280	81	19	49
280	79	19	47
281	80	18	50
280	79	19	48
281	78	18	50
280	79	19	48
280	78	19	49
280	78	19	49
280	78	19	49
280	78	19	49
280	78	19	48
280	78	19	49
280	78	19	49
280	78	19	49
281	78	18	49
280	78	19	49
281	79	18	48
281	78	18	49
281	79	20	45
281	78	20	50
278	78	27	52
278	78	28	53
278	78	23	40
276	78	25	44
277	78	23	43
281	76	17	33
282	78	16	31
280	77	18	47
280	77	18	49
281	78	18	48
281	78	18	48
281	78	18	48
281	77	18	49
281	78	18	49
281	78	19	49
281	78	19	49
281	78	19	48
281	78	19	49
281	78	19	49
282	78	18	49
281	78	19	49
281	78	18	49
281	78	18	49
281	78	18	49
281	78	18	50
281	78	18	50
281	79	18	48
281	79	18	48
281	79	18	48
280	78	19	50
263.5611	78.717094	50.12691	112.396866
263.1989	78.51926	49.36545	111.11787
259.82892	78.82787	40.835724	55.067127
280	79	20	47
280	79	19	48
280	78	19	49
280	79	19	48
280	79	19	48
280	79	18	47
260	78	26	45
266	78	32	50
273	78	31	57
278	78	21	49
280	78	18	49
280	78	18	48
280	78	19	49
280	78	19	49
280	78	19	48
280	77	19	50
280	78	18	47
279	77	18	49
279	77	18	48
279	77	18	47
279	76	18	49
280	75	18	50
280	77	18	48
280	77	18	48
281	78	18	49
280	77	21	48
281	78	18	48
268.89935	76.54576	40.678364	51.413933
263.98895	74.82583	36.506454	48.431408
259	69	27	46
253	65	28	40
249	61	30	40
250	58	28	37
253	61	26	36
257	64	25	37
264	67	32	40
274	75	26	48
281	79	27	46
276	77	30	57
280	75	22	48
281	75	18	49
281	74	18	49
281	74	18	49
281	73	18	48
281	73	18	47
281	73	19	50
282	74	18	50
282	74	18	51
280	75	21	48
280	75	21	48
281	74	20	49
282	74	18	50
282	74	18	49
281	74	19	47
281	74	19	49
281	74	19	46
280	75	21	48
281	73	19	42
268.19882	75.25127	47.11328	65.53179
280	76	27	36
268.28308	74.66284	43.69235	50.765114
267.82828	75.01758	45.274605	52.59324
263.936	76.924805	52.592617	108.68307
264.40863	74.31915	54.67031	109.11753
280	74	20	47
281	73	18	48
280	72	19	49
280	71	19	49
280	71	19	50
280	71	19	50
280	71	19	50
280	72	19	49
281	72	18	49
281	72	18	49
281	72	18	49
281	72	18	49
281	72	18	49
281	72	18	49
281	72	18	49
281	73	18	48
281	73	18	48
281	72	18	49
281	72	18	49
281	72	18	49
280	73	21	50
281	73	21	49
281	76	26	46
276	71	26	51
267	64	33	55
264	60	33	46
264	57	30	46
265	57	32	46
268	59	31	56
271	65	30	54
274	71	35	54
280	71	26	49
280	70	23	51
282	71	18	50
282	71	18	50
282	71	18	50
282	71	18	50
282	71	18	50
282	71	18	49
282	71	18	49
282	71	18	49
283	72	18	49
283	71	18	49
283	71	18	49
283	72	18	48
283	72	18	48
283	71	18	49
283	72	18	49
283	72	18	49
282	71	18	50
282	71	18	50
282	71	18	50
280	69	22	51
281	69	20	48
265.2783	71.161545	50.401966	110.95991
277	71	30	49
270	65	35	57
266	59	33	55
265	56	31	46
264	56	32	44
265	57	33	45
267	59	33	56
270	63	32	54
277	70	30	48
265.17453	73.66125	50.52094	105.670975
281	71	21	49
281	71	21	50
281	71	19	51
282	71	18	51
282	71	18	50
282	71	18	49
281	70	18	50
281	70	19	50
281	70	19	50
281	70	19	49
282	71	18	49
282	70	18	50
282	70	18	50
282	70	18	50
282	70	18	49
282	70	18	50
282	71	19	49
278	70	25	49
273	70	34	50
277	70	26	50
279	71	24	51
280	71	28	52
278	73	36	58
277	72	30	61
282	71	20	46
283	71	20	48
300	73	29	45
306	69	28	44
311	66	27	43
316	66	26	42
323	67	27	44
328	72	26	45
332	79	26	46
337	87	27	48
342	97	26	50
346	104	26	52
348	110	26	53
348	114	27	55
349	120	26	54
348	123	24	56
346	124	25	58
341	124	28	61
335	124	29	61
326	124	32	61
319	124	34	61
311	123	34	60
307	123	31	59
293	113	34	63
263.36084	100.097275	54.648003	77.94327
277.61606	68.24524	25.595211	46.104885
277.87607	69.33908	21.70039	42.327114
279	67	19	48
280	68	20	46
278	68	21	43
249	79	23	44
246	74	24	43
243	72	26	42
244	69	26	45
247	74	27	40
254	73	23	43
254.36731	67.81995	46.525517	55.059597
262.39722	72.62764	52.15803	107.64807
264.77902	67.51924	49.42797	110.57418
265.48984	91.29512	56.567104	86.39573
265.3089	90.08637	68.82803	83.596725
315.54266	106.868065	31.741924	52.084675
283	66	18	48
283	66	18	48
283	66	18	47
283	66	18	47
283	65	19	48
283	66	19	48
284	69	19	48
284	70	19	48
284	71	19	48
284	71	19	48
284	71	19	48
284	71	19	48
284	71	19	49
284	71	19	48
284	71	19	49
284	71	19	49
284	72	19	48
284	72	19	48
284	72	20	48
284	71	20	49
284	72	20	48
285	71	19	49
285	72	19	48
286	72	19	48
286	72	19	48
286	72	18	48
285	71	20	49
285	71	19	49
284	71	20	48
284	71	19	48
284	71	20	49
284	71	19	48
284	71	19	48
