351.0	94.0	22.0	12.0
349	94	22	11
349	94	22	11
348	94	22	10
347	94	22	11
345	94	23	11
344	94	23	12
344	95	23	10
344	94	22	10
344	94	23	10
339	96	23	10
340	95	21	10
338	96	22	10
337	95	21	11
336	96	22	11
336	97	22	10
335	97	19	9
334	97	19	9
331	98	21	10
331	98	20	8
328	98	21	10
327	98	20	10
326	99	22	10
326	99	22	11
324	98	20	10
325	101	19	9
322	101	20	10
320	101	22	10
319	101	21	9
318	100	17	9
316	100	23	10
317	100	22	10
315	100	23	10
312	100	22	9
312	100	21	10
312	99	21	9
310	98	23	10
310	99	21	10
309	99	21	9
308	98	23	10
307	98	21	10
305	98	20	9
306	99	20	8
305	98	20	8
305	98	18	9
304	98	16	10
302	99	20	11
302	99	18	9
302	99	18	10
301	99	18	10
299	99	19	8
297	99	20	10
295	100	21	11
294	99	23	14
293	99	23	11
294	98	19	14
290	95	23	19
288	97	21	17
286	97	24	16
288	99	21	15
290	100	20	14
285	100	22	12
289	103	17	9
286	100	20	11
285	102	19	10
283	100	22	13
281	101	25	12
279	99	27	13
281	100	20	13
277	101	24	12
280	99	27	13
276	101	20	12
274	98	22	15
269	97	25	17
272	102	23	12
277	99	29	14
272	102	21	12
272	102	18	12
270	103	19	10
262	101	27	12
269	105	18	10
268	104	20	11
265	104	22	11
262	104	25	10
262	104	23	11
261	105	23	10
261	106	20	10
259	106	22	9
259	106	20	10
256	105	22	10
255	107	21	9
254	107	23	10
254	107	21	9
255	108	18	9
253	108	20	8
252	108	21	9
250	108	21	9
249	108	21	8
246	108	24	9
246	107	24	9
244	108	23	9
243	107	23	10
242	107	22	10
241	107	25	10
240	107	22	11
239	107	23	11
239	107	21	10
238	107	20	10
237	106	20	11
235	107	22	10
234	106	23	11
234	109	19	8
234	107	21	11
232	107	23	10
234	108	19	8
234	108	20	9
229	108	25	9
229	107	23	11
227	107	25	11
227	108	25	11
228	108	23	9
226	107	25	11
229	108	22	9
231	108	19	8
230	109	20	8
225	108	24	10
224	108	25	10
229	108	21	9
229	108	20	9
224	108	25	11
226	109	23	11
224	107	25	11
226	108	22	9
225	107	25	11
226	108	22	9
225	108	26	11
227	108	24	11
227	107	25	10
228	108	26	11
234	108	20	8
234	107	21	10
230	108	23	9
232	108	22	8
236	109	19	8
233	107	23	10
233	107	23	10
235	108	22	9
236	107	22	10
237	108	23	9
236	107	23	11
238	107	21	11
239	107	21	11
238	108	23	10
239	108	22	10
240	108	22	9
241	107	21	11
239	109	23	10
241	109	21	10
242	109	23	10
241	107	22	10
242	107	20	10
244	108	20	8
241	107	21	10
241	107	22	11
239	107	24	10
241	107	22	11
241	107	21	11
241	108	20	9
240	108	20	8
239	108	21	8
241	108	19	8
240	106	20	11
238	106	20	10
236	107	24	10
237	106	23	11
235	107	23	11
235	106	22	10
235	106	24	10
234	106	24	11
235	106	23	10
233	105	23	11
233	105	22	10
234	103	23	11
232	102	25	11
231	101	25	11
232	102	23	10
232	101	23	9
234	100	21	10
234	98	21	11
234	97	21	10
232	97	23	11
233	94	23	14
229	92	26	15
230	92	26	15
228	90	27	16
229	89	27	16
228	91	27	14
231	91	24	13
230	90	26	13
222	89	35	13
234	88	21	14
232	88	23	13
235	88	20	12
234	87	22	11
234	87	23	11
233	87	24	11
233	86	25	11
234	86	24	11
234	86	23	10
234	85	23	10
235	84	20	11
235	84	21	10
235	84	24	11
235	85	22	11
234	85	24	11
234	86	24	10
235	86	22	11
235	86	24	10
235	88	24	10
235	87	24	11
236	90	23	11
235	91	23	11
235	94	24	9
235	94	24	10
234	94	24	11
236	96	22	11
236	98	23	10
235	97	23	11
234	97	24	12
236	100	21	11
238	102	19	10
239	104	19	9
238	104	19	10
235	105	22	12
235	105	24	12
236	108	20	9
238	108	20	9
238	109	20	10
240	111	18	8
238	112	20	9
240	114	18	8
236	113	18	9
236	113	20	10
236	115	19	9
236	115	20	10
236	116	22	9
232	116	25	11
236	117	19	9
236	118	20	9
237	117	19	10
239	118	18	10
239	120	17	8
239	120	18	10
239	121	17	8
238	121	17	8
239	122	17	8
238	122	17	8
238	119	20	11
237	120	19	9
238	120	19	10
237	119	20	10
237	120	19	9
238	120	18	9
236	118	19	9
238	118	16	7
236	116	19	10
234	115	21	10
229	113	27	12
235	114	20	8
230	111	27	11
236	111	20	9
235	110	22	9
234	109	22	9
234	108	21	8
233	106	22	10
234	104	20	11
232	103	23	10
232	103	24	10
235	102	21	9
237	100	21	11
236	99	20	11
235	97	23	13
235	96	24	12
235	96	23	11
236	95	23	12
237	94	22	12
238	94	20	10
241	93	20	11
240	91	22	11
238	91	24	12
244	91	20	9
239	89	24	12
238	88	25	12
239	88	25	11
239	88	25	10
239	87	27	11
240	86	27	10
240	85	27	11
239	84	28	11
238	84	31	11
243	84	25	11
244	83	24	11
244	83	24	11
243	82	26	12
245	82	26	11
245	82	25	11
247	81	23	11
246	81	23	11
248	80	23	12
245	80	26	11
246	79	26	11
246	79	24	11
246	80	23	11
245	79	25	12
246	78	24	11
244	78	26	12
244	79	24	11
244	80	24	11
243	80	25	11
243	83	25	10
242	83	26	11
239	84	29	12
240	85	27	12
241	86	25	12
241	89	24	10
242	91	22	11
240	92	24	11
238	93	25	11
240	94	25	10
239	96	24	10
238	97	20	11
239	99	19	10
238	98	22	11
239	99	18	11
239	102	18	10
238	102	20	10
243	104	14	9
241	105	17	9
238	105	19	11
240	106	24	10
242	107	21	9
242	108	22	9
243	108	22	9
244	109	19	7
247	107	22	9
243	107	25	11
247	109	22	9
244	111	20	8
243	112	20	9
245	112	20	9
247	111	21	9
243	112	20	9
244	111	21	10
243	113	22	9
240	113	26	14
241	114	24	11
240	114	26	11
240	115	25	12
241	115	25	11
239	115	26	11
239	115	26	12
238	116	25	12
238	116	25	11
238	115	25	11
238	115	25	12
237	115	25	12
236	115	25	12
235	115	25	12
234	115	26	13
233	115	26	11
233	116	26	12
234	115	26	12
232	114	26	12
232	113	26	14
232	114	25	14
232	114	26	13
235	115	21	10
232	113	26	12
232	114	25	13
233	113	25	13
233	113	25	13
232	113	26	13
232	113	25	12
232	113	25	12
234	114	22	11
233	112	24	11
233	112	26	12
233	112	26	12
232	111	26	12
233	111	25	11
233	112	26	12
233	111	26	11
234	111	26	11
235	111	25	11
235	111	25	11
235	110	26	12
235	111	26	13
235	110	26	11
236	111	26	10
238	111	25	10
241	109	21	9
240	111	23	9
241	108	24	11
242	109	24	10
241	107	25	11
246	107	25	10
243	108	25	11
245	108	24	11
245	107	25	10
247	107	23	10
249	109	23	9
249	108	25	9
250	107	23	9
251	107	23	10
252	106	23	11
255	107	21	9
254	107	22	10
256	107	19	9
259	106	14	9
257.97876	105.48613	22.421711	10.906342
257.45117	106.316154	24.334507	10.551038
261	105	20	10
258	104	25	11
261	104	24	10
262	104	22	11
262	102	21	12
263	102	24	12
267	103	17	11
267	102	22	12
270	102	18	10
268	103	22	12
271	101	20	10
271	102	22	11
273	101	22	11
271	99	25	14
262	75	20	9
260	74	20	10
257	74	22	10
257	74	20	10
255	74	22	10
253	73	22	9
252	74	22	10
251	73	22	10
247	73	27	13
243	72	26	12
243	74	26	13
231	76	36	23
243	74	21	12
243	75	19	9
241	75	21	10
