141.0	47.0	55.0	55.0
141	48	53	55
139	50	54	56
138	51	53	55
136	53	54	55
134	53	53	55
133	54	54	55
132	55	54	55
132	56	54	55
131	57	53	55
129	57	53	55
128	56	53	55
127	57	54	55
128	58	54	55
127	59	54	55
126	60	54	55
124	62	54	56
124	64	54	55
124	66	54	56
123	68	53	55
122	71	54	56
122	73	53	55
122	75	53	55
121	77	53	55
121	79	53	55
121	79	53	55
119	79	53	55
118	79	56	56
118	80	54	55
118	81	54	55
117	82	54	55
117	84	54	55
117	87	54	55
116	88	53	55
116	88	53	55
115	90	53	55
115	91	53	55
114	94	54	55
113	96	54	55
113	98	54	55
113	101	54	55
116	103	53	54
118	105	53	54
120	105	53	55
121	104	53	55
122	102	53	55
123	98	53	55
123	96	53	55
124	90	53	55
125	87	52	54
125	82	52	55
127	80	52	54
129	77	52	54
130	75	52	54
132	74	52	54
134	74	52	54
136	74	52	54
138	74	52	54
139	75	52	55
140	76	52	55
141	77	52	55
142	79	52	55
142	80	52	55
143	82	52	55
143	84	52	55
143	86	52	55
143	89	52	56
142	92	52	55
142	94	52	56
142	96	52	55
143	98	52	56
143	99	52	55
143	99	52	56
144	99	52	56
144	99	52	56
144	97	52	56
143	96	52	56
143	94	52	56
142	91	52	56
142	90	52	56
142	88	52	56
143	86	52	56
143	83	52	56
144	82	52	56
145	80	53	57
147	79	52	56
148	76	52	56
149	73	52	56
148	70	55	57
150	67	52	56
150	64	53	56
151	62	53	56
152	61	53	56
153	61	53	55
154	61	53	55
155	62	53	55
158	63	53	55
159	63	53	56
161	62	53	56
161	61	53	56
163	60	53	56
163	59	53	56
163	58	53	56
162	56	53	56
162	56	53	55
160	55	53	55
160	54	53	56
159	53	53	55
159	51	53	55
159	49	53	55
158	47	53	55
156	45	53	55
155	44	53	54
155	43	53	54
155	43	53	54
155	43	53	54
154	43	52	54
154	43	53	54
153	44	53	53
153	43	53	54
152	42	53	53
153	42	53	53
154	41	53	54
154	39	53	54
155	38	53	53
155	36	53	54
156	33	54	53
158	31	53	53
161	29	53	53
162	28	53	53
164	26	53	53
165	25	53	53
166	23	54	53
166	24	54	53
166	23	54	53
166	23	54	53
166	23	54	53
166	23	54	53
166	23	54	53
165	23	54	53
166	23	54	53
166	22	54	53
163	22	57	54
162	21	57	54
163	19	55	54
163	19	55	53
161	17	58	54
164	15	55	53
163	15	55	53
162	14	56	53
161	15	58	55
162	17	56	54
164	20	57	53
164	23	56	54
165	30	57	54
165	36	58	56
166	45	56	55
167	55	59	57
170	62	56	55
170	73	56	56
171	79	56	56
172	88	56	57
172	95	57	56
173	101	55	56
173	105	55	56
173	110	55	56
173	113	56	58
173	116	55	55
174	119	55	55
175	120	55	55
176	119	55	56
178	117	55	56
179	115	55	56
181	110	55	56
183	103	54	56
183	100	54	56
181	92	55	57
181	87	55	56
181	81	54	56
182	76	55	56
183	73	55	56
182	68	56	56
184	65	57	56
184	61	56	56
184	59	56	55
185	57	58	56
188	55	56	55
189	51	56	55
190	48	56	55
190	43	57	55
189	40	58	56
189	36	57	55
189	31	57	55
188	29	59	55
187	23	57	55
186	22	59	55
185	19	58	54
184	17	57	54
183	16	57	55
181	15	58	54
178	13	58	54
176	11	58	54
173	9	58	54
171	9	58	54
168	8	58	54
166	6	58	54
164	7	58	54
162	8	58	54
159	8	58	53
157	8	58	53
155	8	58	53
151	7	58	53
147	7	58	53
145	6	58	53
141	5	58	53
139	5	58	53
136	6	58	53
134	7	58	54
131	9	59	55
129	14	59	55
129	18	58	54
129	24	58	55
130	31	58	55
131	40	57	55
131	46	57	55
135	55	57	55
135	63	60	57
138	68	56	55
140	75	58	56
141	81	57	56
142	87	57	56
144	94	60	57
148	98	56	56
152	104	57	57
155	108	56	57
157	110	56	57
157	111	57	57
157	111	57	57
159	112	57	57
162	112	56	57
163	115	57	57
165	117	57	57
170	119	57	57
172	120	57	57
176	120	56	58
179	118	57	59
183	113	59	60
185	108	59	59
189	102	58	59
191	96	59	59
193	88	59	59
194	81	62	60
201	73	59	59
204	64	60	58
207	56	60	58
208	46	61	59
209	38	61	58
209	32	61	58
210	23	62	59
210	19	61	58
207	12	62	57
204	7	64	57
202	1	63	58
201	0	62	56
199	0	62	54
195	0	62	52
188	0	62	51
186	0	61	50
180	0	61	50
176	0	61	51
169	0	60	53
162	0	60	53
158	0	60	53
153	0	61	54
149	1	61	55
144	2	60	56
140	3	60	56
135	4	60	56
130	6	60	56
127	7	60	56
123	9	60	57
120	11	61	56
117	13	60	58
113	15	61	56
110	18	60	57
108	20	59	57
104	21	61	56
103	22	60	57
100	23	61	56
99	24	60	56
97	25	61	56
96	28	60	55
94	30	59	56
93	33	60	55
92	35	60	56
91	37	60	56
89	39	60	56
89	42	60	55
90	45	59	56
91	47	60	56
91	49	59	56
92	51	59	58
94	54	59	56
96	56	58	58
97	58	59	56
99	60	59	57
101	62	59	56
104	64	59	57
107	65	59	57
110	67	58	58
111	68	59	56
113	70	59	57
114	72	60	58
117	74	59	58
120	76	58	57
122	79	59	59
123	81	59	59
126	84	59	57
129	86	60	59
132	89	59	59
134	92	59	59
137	95	58	57
140	98	58	57
141	100	58	57
144	101	58	57
146	102	58	57
149	103	58	57
150	104	58	57
155	105	57	58
155	106	57	58
157	107	58	58
159	109	58	57
160	110	57	58
162	112	58	57
164	114	57	58
166	117	57	57
168	117	57	58
171	121	57	58
173	123	58	58
175	124	58	58
177	125	58	59
179	125	57	59
180	125	57	59
183	123	57	59
184	122	57	59
185	117	57	59
185	112	59	61
185	108	58	59
187	100	58	58
187	94	59	59
187	86	59	59
187	78	60	58
187	70	60	58
188	62	60	58
187	55	61	58
186	48	62	59
187	41	62	59
188	36	62	58
188	30	63	60
188	28	63	59
189	25	64	60
189	21	63	60
191	21	63	59
191	21	65	60
191	20	65	60
191	20	64	60
190	20	66	61
188	19	67	61
186	18	67	62
185	17	67	62
184	16	68	63
183	17	68	63
182	18	68	63
181	18	69	64
179	18	69	64
176	18	70	65
175	18	70	65
173	19	71	65
171	17	70	66
168	16	71	67
168	15	71	67
166	13	71	67
164	12	75	69
166	12	72	68
165	12	73	69
167	13	74	70
167	13	75	70
166	12	75	71
167	12	75	71
169	12	76	72
170	13	77	73
170	12	76	72
171	12	76	72
173	13	76	73
173	14	76	73
174	16	77	73
175	17	77	73
176	19	77	73
177	21	77	74
179	23	77	73
182	26	77	73
186	27	76	73
189	31	76	72
191	32	75	72
192	35	75	71
191	37	75	70
192	39	74	70
193	42	73	70
193	44	73	70
192	47	73	69
192	50	71	68
191	54	70	67
190	58	71	67
189	60	70	67
189	64	68	66
189	66	67	66
188	68	67	65
188	70	67	64
187	69	67	64
186	69	65	63
186	70	65	63
185	69	63	61
186	70	62	61
185	69	62	60
185	70	61	59
185	70	59	59
184	71	60	59
183	72	60	59
181	71	59	58
181	71	59	57
181	72	58	57
180	72	58	57
178	74	58	57
177	75	59	57
176	74	59	57
175	74	58	57
176	75	58	57
176	74	58	57
176	75	58	57
177	74	58	57
178	73	57	57
180	72	57	58
183	72	59	59
187	72	58	57
194	72	56	57
197	72	57	57
203	72	57	57
209	73	55	57
213	74	55	57
218	74	55	57
221	74	55	57
224	75	57	58
229	76	55	57
233	75	55	57
236	75	55	57
239	73	56	58
242	73	56	58
246	73	56	58
247	72	56	58
251	73	56	58
253	72	57	59
255	71	59	59
255	69	59	60
255	68	60	61
255	67	58	60
253	68	61	61
251	68	62	61
250	69	61	61
247	71	60	60
242	71	59	62
236	71	61	61
229	69	62	61
220	63	60	61
212	60	59	60
204	57	62	62
194	52	60	59
187	50	59	59
178	47	61	61
172	46	58	58
164	44	62	58
159	43	62	59
145	41	59	58
140	45	56	55
126	54	59	57
113	59	58	56
98	58	58	56
84	54	57	57
71	53	58	56
60	54	58	57
54	59	57	54
50	63	58	56
53	66	57	55
57	61	55	54
61	53	57	56
68	45	58	56
64	46	59	57
60	57	59	57
57	70	60	57
50	71	59	57
56	64	59	58
60	57	61	61
74	51	61	60
84	46	61	61
94	48	62	61
94	47	62	62
90	44	64	63
90	48	64	63
92	51	63	63
88	45	65	64
87	42	65	63
90	43	64	63
88	43	63	62
