298.0	51.0	21.0	136.0
299	46	20	142
298	47	20	140
298	47	19	141
297	48	20	139
296	49	21	137
298	45	19	145
298	46	19	142
298	42	19	145
298	44	20	143
299	43	18	144
299	52	18	133
296	44	20	142
296	41	20	147
297	44	19	144
295	46	19	141
294	50	20	134
296	45	19	144
294	46	19	139
287	42	20	139
283	40	18	133
279	35	18	129
275	50	17	107
270	35	19	121
269	46	16	121
268	37	19	133
276	43	18	112
278	45	21	135
286	38	20	145
290	38	20	151
300	40	18	147
305	44	17	140
307	51	22	141
303	39	16	146
296	31	19	164
289	39	19	152
279	46	22	136
264	20	31	158
252	10	44	157
244	22	48	134
241	27	53	134
242	32	51	134
240	33	51	136
241	44	52	119
244	35	51	127
256	43	39	137
269	48	32	124
281	42	19	144
284	39	20	151
283	41	21	141
282	40	20	149
280	35	21	149
280	42	18	143
272	48	21	136
269	40	17	122
270	0	19	95
213.70248	33.24826	61.672432	117.613235
244	12	16	101
237	6	19	120
232	28	18	113
230	39	21	111
252	23	17	116
250.36142	19.367783	44.74901	147.80103
262.77753	43.76275	31.52122	131.13829
278.41266	40.88952	24.264788	140.66492
288.77618	42.73269	21.453953	137.22028
298.4816	22.20382	18.37472	167.40958
300.69894	23.778908	16.459404	155.8775
295.58347	14.448059	18.296713	168.7294
284.57364	30.183586	21.567423	146.61302
275	29	20	147
262	32	19	103
264	0	16	79
257	6	15	66
251	1	14	84
257	0	15	72
257	2	14	72
251	0	19	141
255	18	20	129
260	28	26	137
275	39	21	132
285	20	23	156
292	21	20	156
296	37	19	143
294	36	19	144
287	20	20	154
281	29	21	147
269	31	22	148
272	0	22	77
278	62	26	102
233.9576	4.7765007	42.698586	94.06636
217.81044	5.407589	50.939545	100.050575
210.5326	4.4016075	54.37212	105.944984
200.77953	0.5733566	64.89002	110.89021
203.2808	3.2577744	61.82833	130.30315
227	0	22	135
220.17908	11.1188965	53.829327	150.67026
257	12	19	135
269.8031	34.193504	23.133211	135.34117
281.34525	38.957855	21.166573	131.31966
288.4702	24.686806	24.229261	152.62595
303.50552	33.234947	19.889246	144.01065
309.5273	32.416534	18.706596	145.68477
309.80484	28.918266	19.234585	151.50241
306.6775	30.935776	18.073256	145.9308
295.3896	16.32917	19.576141	161.76616
288	43	17	138
271	40	18	135
242.94492	26.569328	33.750126	144.86447
217.18756	15.141266	61.26151	133.23549
209.72684	7.0361214	62.841915	120.58349
205.7095	3.3565445	60.17006	96.44542
199.30673	2.4610481	62.49538	95.069145
199.5241	0.89429855	62.669975	90.42301
212.32317	-0.3305893	53.12515	90.629715
230.6249	1.5599556	39.344563	83.02889
244	20	17	105
254	14	16	112
254	23	17	111
253	18	19	121
254	15	19	118
251	21	24	139
261	27	19	131
274	28	21	142
287.86566	11.835297	32.9348	146.17804
304.65268	41.213627	38.97562	113.2633
321.505	64.95295	61.641342	87.19768
322.30988	47.475067	67.62734	101.124756
322.65747	48.026413	64.74057	99.35364
319.2411	45.176697	58.383644	102.68384
309.53348	44.858086	52.096764	128.17244
287	31	31	127
268	35	23	128
252	-2	30	165
252	12	20	138
255	10	16	119
251	4	20	133
244	32	18	124
252	15	21	143
259	36	20	131
276.05847	34.403084	23.8992	133.0805
294.80386	15.8680725	46.81575	144.29927
306.1648	31.827545	71.97934	115.40456
312.62183	48.514458	66.60767	98.76729
311.81702	46.86429	57.10401	97.03583
305.75824	36.053883	64.6587	110.54833
298.2455	46.07058	38.64179	104.111374
291	18	20	136
273	39	21	126
270	31	18	141
273	30	22	138
281	18	19	151
283	13	21	159
284	27	20	142
280	17	21	160
276	33	18	143
265	19	18	162
244.01736	10.048431	38.03801	162.63033
220.15808	18.336266	55.690514	138.3493
206.4217	9.650806	69.13122	89.17989
212.79799	4.891571	53.912315	78.47467
211.36215	1.5874786	55.9825	79.53357
322	22	24	151
327	96	17	134
323	164	16	89
329	98	16	122
326	157	15	97
256.72937	59.932972	48.034657	101.95675
257.15613	52.74067	42.194744	111.2184
326	163	16	92
326	164	16	92
280.68207	-2.007042	34.896088	147.13277
285.23154	33.3644	37.071396	122.680534
330	156	13	85
291.9774	33.980743	36.71964	124.43999
297.72913	41.94842	33.995087	109.27941
298.3667	42.17393	38.99092	117.59992
300.60043	45.92212	31.796566	103.94202
299.59912	36.86846	35.430393	135.6573
333	186	17	66
289.48566	24.47982	18.383026	163.66196
272.39056	36.715477	21.105524	133.4628
250.48236	11.648666	36.971924	146.72353
234.66548	18.491165	51.731422	136.46413
328	97	22	123
227.71494	11.496666	53.23803	132.78746
240.15529	12.477936	39.790627	142.20462
249.70796	30.258015	32.071552	127.28039
264.99994	21.305313	25.184212	143.2247
274.42978	1.713356	25.688765	178.89818
328	172	12	77
300.02356	40.07538	24.727978	147.00868
324	167	15	82
326	162	15	93
326	174	13	75
319	177	14	69
295.89304	29.416351	26.293016	143.67348
288.34647	27.75798	26.57476	149.58577
275.68442	30.096771	19.959635	139.70894
252.09091	23.261566	31.581253	155.01692
322	158	16	97
220.8999	17.874	55.172443	143.00238
217.25563	24.971977	53.97791	137.65474
321	155	17	97
224.05713	11.877739	52.664474	130.82823
217.60225	20.687538	57.679417	129.43153
322	154	14	89
318	165	15	85
323	148	16	99
271.5704	11.594749	18.457607	178.10283
279.42664	14.381805	22.857271	171.73528
286.8459	13.696373	23.621828	172.97357
323	153	15	91
284.03763	3.4158478	26.269848	182.41978
283.0205	26.86338	23.285496	150.3157
320	157	14	96
259.36966	11.51973	22.610178	179.46007
233.76163	0.8942337	43.134815	121.20792
213.47296	2.264347	55.640263	90.45896
319	146	15	105
219.1509	0.9642334	44.68912	85.52475
212.19774	4.7080193	54.71512	103.10783
322	150	15	95
214.57184	11.897606	55.27101	143.48643
229.88374	8.800636	46.172886	157.0059
247.93109	17.691246	35.064934	158.38599
270.92136	10.031792	19.788065	176.61719
285.52148	14.795357	19.572851	170.3646
287.61578	8.7030945	32.21729	151.08147
296.16302	29.32048	26.073212	141.84044
300	37	22	144
295	25	21	150
278.02945	8.610985	35.979527	162.52155
277	30	15	112
255.35161	0.09706116	25.478855	152.9546
236.0362	0.5280571	37.54461	114.93694
219.28241	2.6930466	50.94516	140.79332
230	4	18	125
229	4	19	130
230	5	21	131
234	57	19	105
250.12027	16.700195	29.639524	158.07095
272.10284	17.120087	20.615942	162.78223
282.28372	-0.6999359	31.196491	162.70541
291.71475	19.213295	29.84246	140.55225
286.5567	7.061722	41.09272	140.8369
293.19855	30.520912	20.698092	120.92676
292.47906	0.5427551	20.570312	174.42596
185	5	18	80
273.66492	23.30761	24.83499	128.84834
184	3	14	77
245.73933	-1.4274483	27.74931	79.327156
182	0	18	69
192.52707	0.17108917	63.47748	93.456314
184.14268	0.5240097	68.29102	95.02934
186.39612	-1.0552711	61.638054	102.987526
183.61696	1.004116	65.1564	118.97059
205.17218	1.0926247	48.45097	88.301445
210.96132	2.780449	50.17741	108.060776
235.3678	3.8546448	33.800774	98.973755
252.63635	3.0268097	26.313	172.17001
258.1989	-2.0225182	53.715343	90.3348
256.79584	-1.3707924	77.11536	68.26707
180	5	21	92
284.20938	12.679245	29.697824	152.24759
183	0	20	75
284.04694	7.2791367	22.942223	158.14178
269.66092	1.4985123	25.329647	86.2921
260.65915	-19.865921	25.244715	158.20947
248.03088	2.7265358	28.11543	81.828926
239	0	15	88
228	0	19	96
214	0	19	111
217	1	17	109
230	0	15	92
217	8	20	125
237.02135	1.3017197	33.923027	85.27501
247	21	22	144
262.34857	1.0229797	60.320618	94.451324
284.29828	6.1506195	30.055176	124.035645
292.03748	16.681206	38.383327	135.1356
290.7196	10.61451	39.14427	137.69672
302	14	21	140
301	11	18	118
293	16	21	132
284	13	29	147
257.88132	4.4338303	22.484213	159.43607
248.31694	-4.5579605	31.282066	83.8867
237.40533	-1.6417465	24.810165	84.930405
231.27614	-2.3825493	26.143179	85.91703
222.20282	-1.9684105	34.191414	89.43104
212.51038	-0.6478157	34.83082	94.076775
204.13916	-0.85666275	43.271957	98.60526
405	27	23	131
228.46039	-1.812355	32.94467	86.53322
248.84715	-0.11773682	23.474098	89.5856
257.5929	-26.731705	20.027851	154.92581
255.57755	-13.045044	25.626781	140.6187
409	31	19	112
250.29451	-2.140236	25.791485	87.70857
246.21008	-0.08524704	30.775759	83.50115
243.67793	-1.9479942	30.689487	81.79333
242.68791	-2.1328163	32.57424	82.774025
240.00682	-0.8164787	25.630537	86.611626
238.62538	-2.058628	27.195112	77.8399
250.97168	-1.5140114	27.702276	86.16706
265.36453	-9.306725	33.011177	134.98955
280.31152	11.710213	62.252583	147.2997
275.93585	4.594124	80.21341	143.76631
273.9807	5.210434	86.8379	145.59647
278.24164	5.1802063	80.79213	153.07648
407	79	18	102
274.03708	0.36292267	50.3759	136.70647
273.51694	1.2508125	38.79166	127.76763
271.34534	3.350113	29.642654	157.49138
259.96426	-7.3383713	20.513865	176.4082
247.91843	4.105278	22.35467	158.9944
242.89963	1.2492905	26.839668	159.4061
243.88469	1.5499802	26.351274	164.98703
245.22723	-3.3947983	26.295294	175.71725
246.61972	0.70764923	23.656546	171.41359
247.90111	0.70009613	24.765163	169.67233
260.33875	-3.660904	31.087534	165.86736
493	42	18	139
265.22653	0.4450264	61.650295	64.95313
231.32828	8.624813	131.39442	101.35554
260.01074	-1.4317665	87.124535	80.024666
256.3869	4.5856857	104.044876	113.11925
250.65259	-1.6330109	91.08119	97.92255
279.6069	11.648048	82.36059	134.60954
236.64621	-2.187313	101.08809	105.09197
253.3792	-1.7471733	66.238365	75.603264
251.0646	-0.56928253	61.805717	80.09694
477	12	17	71
252.10481	6.7882156	25.101843	158.64333
239.48944	1.0665436	29.714674	138.14867
235.66435	-2.183464	33.096687	74.61073
225.475	-0.40463257	30.29437	81.89964
218.73447	-0.8714905	37.28993	84.93495
213.54431	-1.0376434	43.07408	97.57909
470	37	21	42
211.92978	-0.4735222	44.95127	101.5653
476	18	17	66
480	18	16	66
250.17905	-1.6680031	28.49684	102.086754
252.68173	-2.1039848	50.36811	89.87849
245.29651	0.9500656	73.394104	82.58809
475	7	17	76
473	12	18	73
258.24167	-4.2835007	69.81573	127.48448
250.87582	-3.271286	77.26788	102.100006
469	18	21	65
290.4745	14.407639	50.90294	154.194
284.4828	22.149326	33.484924	114.80721
247.3208	-4.494255	72.567024	74.606476
245.56165	-1.3593273	73.45378	54.84402
248.72289	-1.44981	68.05423	63.15719
244.76762	0.1324768	75.12839	64.26312
252.98125	0.9824257	52.520535	84.77563
246.5072	-0.9648285	70.82654	75.31601
242.8509	-1.4056549	73.429344	72.62573
242.4692	-1.8335152	71.26479	77.71589
241.79999	-2.7332115	72.862076	65.33077
252.44614	12.908386	24.26606	148.27426
231.26073	-5.550087	70.230194	85.12625
237.30801	1.4651833	34.513245	77.92065
226.50958	2.1585846	50.585243	94.74475
228	4	25	89
217	19	20	149
217	2	16	102
206	21	20	139
197	-17	28	149
192	33	20	146
192.83423	-5.055298	20.052475	107.66974
188	9	21	154
178	23	22	154
178	-7	19	108
176	21	21	152
173	16	24	157
176	23	21	149
176	25	20	138
175	0	23	175
176	21	23	153
177	6	24	158
179	-7	20	105
178	3	24	163
177	17	22	155
175	24	23	152
177	23	22	148
175	2	32	170
185	-43	22	147
190	5	23	170
191	9	24	153
197	0	23	157
204	7	21	163
205	0	22	169
209	9	22	155
217	21	21	150
219	10	22	157
227	23	20	144
231	16	21	132
235	23	19	128
242	25	17	137
243	22	20	147
244	37	17	121
244	15	23	156
249	45	23	130
245	22	28	131
251	60	22	116
246	5	29	172
247	13	26	156
247	12	26	159
246	13	25	164
246	0	22	190
244	2	25	178
241	1	29	183
239	17	33	153
237	8	35	172
234	12	40	139
237	2	34	171
239	11	28	170
238	29	19	115
234	39	21	135
229	32	19	139
223	29	20	138
219	26	20	142
218	26	20	143
207	22	20	148
203	11	22	157
194	2	33	169
194	22	20	146
190	0	22	152
186	-22	22	121
183	-13	21	135
184	0	18	94
184	7	18	94
183	-28	20	144
185	1	18	90
185	-13	20	123
186	-14	23	128
189	0	22	156
189	0	23	167
190	6	23	156
188	1	32	165
204	21	21	149
207	9	20	155
208	20	20	134
214	25	22	137
220	26	19	137
225	33	20	133
229	37	18	129
232	33	20	132
236	40	20	119
240	49	17	113
248	19	20	135
248	68	20	102
250	43	20	124
249	68	21	101
247	64	24	107
243	61	22	109
244	52	19	113
242	68	19	107
238	69	19	97
238	72	18	94
237	70	17	101
231	76	19	101
224	70	19	102
222	67	18	102
217	43	21	120
211	34	20	127
206	28	20	138
203	35	19	131
198	10	24	149
195	21	22	150
196	19	20	150
191	0	20	75
184	5	19	82
182	0	17	94
175	-22	23	123
172	5	22	161
170	0	22	83
166	-10	28	120
167	0	23	75
166	-17	29	129
168	-12	28	110
171	0	31	100
176	0	26	95
178	-5	28	103
181	-1	29	96
180	-1	28	107
186	0	23	97
178	2	34	160
194	17	19	139
198	13	21	148
203	41	20	125
209	31	21	137
214	21	22	152
219	62	19	118
225	38	19	119
223	67	20	103
228	5	20	166
228	17	22	141
231	68	18	99
231	72	19	98
230	66	23	102
233	73	18	96
231	6	21	162
227	65	22	110
225	58	20	113
223	52	18	117
225	36	21	128
231	2	22	121
217	33	20	133
229	0	19	120
213	67	18	108
225	73	20	95
242	71	19	98
228.81612	1.8973961	122.34971	80.26612
236.70555	-0.36066055	97.52115	77.35212
233.65987	1.7451363	97.638084	92.688835
237.37735	0.9627876	95.469925	82.38595
236.55382	1.4379959	122.22061	85.26106
269	77	19	90
240.65558	-4.057968	96.5987	87.92221
232.50581	2.5079422	101.58286	109.77742
251	69	19	93
240	71	20	89
231	76	21	88
221	66	21	111
222	67	18	102
222	65	18	107
229	73	17	95
234	71	20	102
212.28151	0.47880554	96.28683	100.958374
239.62894	1.7907753	92.88836	94.02184
224.27643	7.663891	104.76171	118.277534
231.82137	3.5199432	116.19906	123.26825
239.97218	-0.4026451	94.93339	105.396385
181.80919	-7.513363	72.63906	76.95739
263	0	26	171
241.44287	-2.1227684	145.85004	100.66558
240.41052	-0.45280838	96.87433	82.676765
259	74	19	89
248	10	27	134
