83.0	155.0	6.0	6.0
82	155	5	5
83	155	5	5
82	156	5	5
82	155	5	5
81	156	5	5
82	155	5	5
82	155	5	5
83	156	5	5
83	156	5	5
85	156	5	4
85	156	5	5
86	156	5	5
87	155	5	5
87	155	5	5
87	155	5	5
88	156	6	4
89	156	6	5
89	156	8	5
89	156	8	5
89	157	9	5
89	156	10	5
89	156	8	4
89	156	10	5
87	155	10	5
88	154	9	5
90	155	7	5
91	155	6	4
92	156	6	4
92	156	6	5
92	156	5	5
93	156	6	4
93	156	5	5
93	156	5	4
91.60005	155.9353	8.426079	5.2543573
127	152	5	5
127	151	5	5
127	151	6	5
127	151	5	5
120	134	6	6
127	151	4	5
138	122	6	6
97.24457	155.50726	7.0136642	5.573715
125	151	6	6
97.69424	155.41054	7.571636	5.604845
96.9642	155.40193	7.6503253	5.5781174
97.52144	156.16628	8.17508	5.1507034
124	150	6	6
131	136	5	6
97.9116	155.91333	8.177847	5.6655364
124	150	5	6
98.03345	154.77425	8.153249	5.8182
100	155	7	6
100	155	7	5
102	155	6	5
104	155	5	5
125	152	5	5
106	155	5	5
108	155	6	5
109	155	7	5
110	156	7	5
112	155	6	5
111	155	6	5
112	156	6	5
112	156	7	5
112	156	6	4
112	156	6	4
112	156	6	4
111	156	7	5
112	156	7	5
112	155	7	5
113	155	8	5
116	155	6	5
118	156	6	5
118	156	6	5
123	152	5	4
122	152	5	5
121	155	5	6
120	156	6	6
122	156	5	6
122	156	6	5
119.9707	156.42862	9.33638	5.7441187
121	156	8	5
122	156	7	5
125	157	6	6
125	157	5	5
126	157	6	5
125	157	6	5
127	157	6	4
127	157	6	5
128	157	6	6
128	157	6	5
128	157	6	5
127	157	7	5
126	155	9	6
116	153	5	4
117	152	5	5
116	152	5	5
117	152	5	5
116	153	5	5
116	152	5	5
116	152	5	5
116	152	5	5
116	152	4	5
116	152	4	5
115	153	4	5
115	153	5	5
115	153	5	5
115	152	5	5
114	153	5	4
114	153	5	5
113	153	5	4
114	153	5	4
114	153	4	4
114	153	4	4
114	153	4	4
113	153	5	4
113	153	5	4
113	153	5	4
112	153	5	4
113	153	5	5
112	153	5	5
112	153	6	4
112	153	5	5
112	153	5	4
111	153	6	5
112	154	5	5
111	153	5	4
110	153	5	5
110	153	5	5
111	153	5	5
109	152	5	5
109	152	5	5
109	152	5	5
109	152	5	5
109	153	5	5
108	152	5	5
108	152	5	5
107	152	5	5
107	152	4	5
106	152	4	5
104	153	5	5
104	152	5	6
102	152	5	5
101	152	5	5
101	152	5	5
100	152	5	5
100	152	5	5
99	152	5	5
98	153	4	4
97	152	5	4
97	152	4	4
97	152	5	4
96	152	5	5
97	152	5	5
97	152	5	5
97	152	5	4
96	152	5	4
95	152	5	5
96	152	5	5
96	152	4	4
96	152	5	5
96	153	5	5
95	152	5	5
96	152	5	5
96	152	5	5
97	152	4	5
97	152	5	5
96	152	5	5
97	152	5	5
97	153	5	5
97	152	5	5
97	152	4	5
97	152	5	5
96	152	5	5
97	152	5	5
97	153	5	5
97	152	6	6
95	152	5	5
96	152	5	4
98	152	5	5
96	152	5	5
97	152	5	5
96	152	5	5
96	152	4	5
96	152	5	5
96	153	5	5
95	152	5	5
96	152	5	5
96	152	5	4
96	152	5	5
96	152	6	6
95	152	5	5
95	151	5	5
95	152	5	5
95	152	5	5
95	152	5	5
95	152	5	5
95	152	5	5
95	152	5	5
95	153	5	5
95	152	5	5
95	152	5	5
95	153	5	5
95	152	5	5
95	153	5	5
95	153	5	5
95	152	4	5
95	153	5	5
95	153	5	5
95	153	5	5
95	152	5	5
94	153	5	5
95	153	5	5
94	153	5	4
93	153	5	4
94	153	5	4
93	153	5	4
94	153	5	5
94	153	5	4
93	154	5	4
93	153	5	4
92	153	5	4
93	153	4	4
92	153	4	4
92	153	5	4
92	153	5	4
90	153	5	4
90	152	5	5
88	152	5	5
87	152	5	5
84	152	5	5
82	152	5	5
78	152	6	5
77	152	5	5
73	152	6	5
72	152	5	5
71	153	6	5
69	153	6	5
67	153	6	4
66	152	6	4
65	152	6	5
65	152	5	5
63	153	6	5
63	152	6	5
62	153	6	4
63	153	5	4
62	153	5	4
63	153	5	4
62	153	5	5
62	153	5	5
63	152	5	5
63	153	5	5
63	153	5	5
63	153	6	4
62	153	5	5
62	153	5	5
62	153	6	5
62	154	5	5
63	153	5	4
63	153	5	5
63	153	6	5
63	154	6	5
64	153	5	5
63	153	5	5
63	153	6	5
63	154	8	4
63	154	6	4
63	153	6	5
63	154	6	5
64	154	7	5
63	153	6	5
64	153	5	5
63	153	6	5
64	153	6	5
64	153	6	5
64	153	6	5
64	153	5	5
65	153	5	5
64	153	6	5
64	154	6	4
64	154	5	4
64	154	6	5
64	154	6	4
64	154	6	4
64	154	6	4
64	154	6	4
63	154	6	4
63	154	6	4
64	153	6	4
64	155	6	4
64	154	6	5
65	154	6	6
63	154	7	4
64	154	6	4
63	154	6	4
64	155	5	5
64	154	4	5
64	155	5	5
64	155	6	5
64	154	6	4
63	155	6	5
63	155	5	4
63	155	6	4
63	155	6	4
63	154	6	5
65	154	6	5
65	154	6	5
64	155	6	4
65	154	6	5
65	154	6	5
65	154	7	5
65	154	6	4
66	155	5	5
67	154	6	6
68	153	5	6
67	154	6	4
68	154	5	4
69	154	5	4
70	154	5	4
73	154	4	4
75	154	5	4
77	154	5	5
80	154	5	4
84	153	5	5
85	154	5	5
88	154	5	4
88	154	5	4
89	154	5	4
89	154	6	4
90	155	6	4
90	154	5	5
90	154	5	5
90	154	5	5
84	139	5	6
91	153	7	7
91	154	7	6
91	154	7	6
91	154	7	6
91	155	6	4
91	155	6	5
91	154	6	5
90	155	6	5
91	154	6	5
90	155	6	5
91	154	6	4
90	155	6	4
91	155	6	4
91	155	6	4
91	156	6	4
91	155	6	5
91	156	6	4
91	155	6	4
92	155	6	5
92	154	6	5
92	155	5	4
92	155	5	4
91	156	5	5
91	155	5	5
91	155	5	4
92	155	5	5
92	156	5	5
91	155	5	5
92	155	5	5
92	155	6	5
92	155	6	6
91	154	5	5
92	155	5	5
92	155	5	4
93	155	5	6
93	155	5	6
92	155	5	5
92	155	5	5
92	155	5	5
92	155	5	5
92	155	7	6
92	155	5	5
92	155	5	5
92	155	5	5
92	156	5	5
92	156	5	5
92	156	5	4
93	155	5	5
93	155	5	5
94	155	6	6
93	155	6	5
93	155	5	5
92	155	5	5
93	155	5	5
93	155	5	5
93	155	5	5
93	155	5	5
93	155	5	5
93	155	5	5
93	155	5	5
93	155	5	5
93	155	5	5
94	155	5	5
93	155	5	5
93	156	5	5
93	156	5	5
93	156	5	5
94	156	5	4
93	155	5	5
94	156	6	5
95	156	6	5
95	157	6	5
96	156	6	5
97	156	6	5
98	156	5	5
97	156	6	5
99	156	6	6
99	156	6	5
101	156	6	6
100	156	5	5
100	156	6	5
102	156	6	6
102	156	6	6
102	156	6	5
102	156	6	5
103	156	6	6
103	157	6	5
103	156	6	5
105	157	6	6
104	157	7	5
105	157	7	6
106	157	6	6
105	157	6	5
107	157	6	6
107	157	7	6
107	157	7	7
107	157	6	5
107	157	7	7
108	157	7	7
109	157	6	6
110	157	5	6
110	157	6	6
111	157	6	6
110	157	6	5
110	157	6	5
112	157	5	6
112	158	5	7
112	157	6	6
113	157	6	6
111	157	7	5
114	157	6	6
114	157	6	6
114	157	6	6
113	156	6	5
114	157	6	6
114	156	6	7
115	157	5	5
114	156	5	5
116	157	5	5
115	156	5	5
115	156	7	6
115	156	6	5
115	156	6	5
115	156	5	5
115	156	5	5
115	156	6	5
116	156	7	7
117	157	6	5
117	157	6	5
117	157	6	5
118	158	6	5
118	157	6	5
119	157	6	5
119	157	6	5
120	157	6	5
120	157	6	5
120	157	6	5
121	157	6	5
120	157	8	5
121	157	6	4
120	158	6	4
119	158	6	4
119	159	6	5
119	158	7	5
118	159	7	5
118	158	7	5
118	158	6	4
118	158	6	5
117	158	6	5
117	158	6	4
117	158	6	5
117	158	6	5
117	158	6	5
117	158	5	5
117	158	6	5
116	158	6	5
117	158	6	5
117	159	6	5
117	158	7	7
116	158	5	5
115	158	6	5
115	158	6	5
115	158	6	4
115	158	6	5
114	158	5	5
115	158	6	5
115	158	6	5
113	158	6	5
114	158	5	5
113	157	6	5
112	157	6	5
112	157	6	6
110	157	6	5
110	157	6	7
108	157	7	6
105	157	6	5
104	157	6	6
102	157	6	6
99	157	6	5
95	157	6	5
93	157	5	5
91	157	7	5
89	157	6	5
87	157	6	5
86	157	5	5
84	157	5	6
81	157	6	6
79	157	6	6
78	157	6	5
76	157	6	5
74	157	6	5
72	157	6	6
70	157	6	5
69	157	6	5
68	157	6	6
66	157	6	6
64	156	6	6
62	156	6	6
61	157	6	5
59	158	6	5
57	158	6	5
56	158	6	5
53	158	6	5
50	158	6	5
48	158	6	5
47	159	6	4
44	158	7	4
42	158	6	4
41	159	6	5
39	158	6	5
38	158	6	5
36	159	6	5
35	158	6	5
34	158	6	5
31	158	6	5
31	158	6	5
31	158	6	5
30	159	6	6
30	158	7	5
29	158	7	6
29	159	6	5
30	159	6	5
29	159	6	5
30	158	6	5
29	159	6	5
29	159	6	5
29	158	7	5
29	159	6	5
29	159	6	5
29	159	6	5
30	159	6	5
31	159	6	5
33	159	6	5
34	160	6	5
35	159	7	5
35	159	7	6
36	160	6	6
37	159	6	6
37	159	6	6
38	159	6	5
39	159	6	6
39	159	6	6
39	159	6	6
40	159	6	6
40	159	6	5
41	159	6	6
