263.0	40.0	150.0	198.0
262	41	152	199
261	40	156	195
261	45	151	191
260	46	154	190
259	45	155	191
257	45	157	192
256	44	160	188
254	43	161	187
253	41	162	194
253	42	156	193
250	42	155	191
245	44	154	185
245	42	156	186
243	44	150	181
239	44	157	182
235	43	163	177
226	42	170	173
234	42	166	173
234	42	167	171
230	42	171	172
232	45	166	169
232	43	169	173
231	40	172	177
231	38	172	176
235	37	172	178
232	34	175	183
237	35	173	179
241	31	173	180
245	36	171	139
246	32	172	185
249	32	170	185
248	32	170	185
255	32	166	186
253	33	170	186
255	33	169	183
261	31	167	188
259	34	168	186
260	36	170	178
261	37	170	180
266	40	166	177
267	39	167	175
271	42	164	177
268	40	169	177
271	43	168	176
271	43	170	177
273	46	169	173
274	47	168	170
272	50	170	168
274	51	166	168
275	52	165	159
275	53	165	166
276	56	163	161
276	56	163	157
276	55	162	159
276	55	161	162
276	55	161	161
274	53	162	165
272	55	166	156
272	54	164	162
271	53	164	157
269	53	166	157
268	53	163	157
267	54	161	158
269	53	154	159
263	53	156	159
261	53	154	163
263	53	147	163
259	51	148	167
258	53	145	170
258	53	139	168
254	51	139	172
256	55	134	179
252	53	136	168
258	54	126	159
255	54	125	163
252	55	125	154
254	53	121	171
251	56	123	156
245	57	125	154
251	52	115	189
248	55	119	194
250	57	118	156
225	57	135	154
240	58	119	154
244	58	107	154
246	58	113	162
237	56	116	152
251	56	108	162
245	56	107	156
251	56	101	173
238	56	113	167
240	55	108	156
248	55	104	161
247	57	102	162
244	56	102	160
246	53	109	192
245	56	109	156
250	56	101	179
228	58	114	143
235	56	112	151
241	57	110	152
241	53	106	183
221	62	114	131
224	59	111	137
242	54	100	175
229	60	104	137
239	54	103	183
223	60	114	138
229	57	106	158
237	54	114	170
246	55	94	154
225	57	110	143
251	54	102	202
224	58	106	149
222	59	104	141
232	57	104	153
246	50	116	187
222	58	113	154
240	57	116	162
237	58	109	160
238	57	94	170
219	59	110	153
244	50	93	175
235	57	110	160
237	60	121	159
237	60	105	160
227	63	117	156
226	56	122	171
227	61	124	178
223	61	118	141
222	63	119	136
218	63	118	132
215	56	94	137
169.38586	42.949226	154.82713	156.06126
208	49	123	149
210	37	104	157
211	48	121	148
184	19	133	175
207	36	110	157
188	4	144	185
185	1	138	187
190	0	135	182
180	0	149	180
193	0	139	175
193	0	139	169
193	0	139	167
194	1	149	164
197	0	144	160
199	1	154	171
201	0	157	180
200	-1	153	160
205	-2	159	196
207	-3	154	178
213	0	155	150
213	-4	159	165
205	-1	161	125
219	0	133	107
210	0	154	137
212	0	146	103
213	0	145	101
213	-4	158	191
220	-6	151	162
219	-6	158	144
219	-4	159	204
223	-1	152	155
218	-4	166	134
222	0	158	110
224	-4	156	128
224	1	159	109
224	-1	158	115
225	-1	158	119
219	0	160	101
225	-4	165	143
225	0	164	113
228	-7	161	152
224	-1	165	113
227	-5	162	133
228	1	163	106
228	-3	160	123
230	0	161	114
230	0	162	107
231	-2	160	126
230	1	163	115
230	0	165	114
231	-1	165	126
234	1	155	101
232	-1	161	126
231	0	164	137
233	2	157	102
233	-1	162	122
232	3	159	102
232	3	159	103
233	1	157	106
234	1	157	107
231	0	160	108
233	1	158	108
234	1	157	110
236	1	156	109
234	0	158	109
236	0	156	104
235	0	161	100
245	0	154	82
246	0	158	69
250	0	157	64
250	0	167	62
255	0	162	65
259	0	150	74
262	0	139	80
265	0	145	93
250	-3	164	135
265	9	143	90
265	30	145	67
266	40	143	56
263	42	150	56
262	44	150	63
262	45	152	59
254	41	161	102
257	38	155	112
253	39	161	93
255	35	160	73
254	35	166	74
254	35	166	74
255	35	165	74
254	38	166	71
255	39	165	69
253	38	168	71
252	38	169	71
251	39	170	70
252	38	168	72
251	39	170	72
252	39	160	72
251	39	169	73
251	38	162	76
249	37	169	75
251	40	164	72
249	36	162	72
247	37	167	72
247	36	171	72
245	36	172	71
246	33	173	75
247	37	169	70
243	34	174	71
243	32	175	72
241	24	175	77
241	34	173	67
237	27	174	74
238	21	172	80
239	33	169	69
234	26	174	76
236	31	170	72
240	33	153	67
236	32	165	72
236	33	155	67
236	34	154	67
235	34	154	67
234	34	164	71
236	35	154	65
237	36	151	66
237	37	151	65
238	38	149	67
238	40	149	66
238	40	144	69
232	33	158	78
241	39	134	71
242	39	136	71
242	36	129	75
245	34	130	74
244	31	130	77
245	36	133	68
243	33	138	69
238	30	153	83
238	23	160	76
239	11	159	87
238	21	159	75
238	16	160	80
239	20	158	77
239	22	158	74
237	10	160	87
236	19	157	78
237	11	158	84
234	19	157	74
237	8	155	86
231	17	157	76
233	15	154	75
233	17	147	72
233	15	147	72
231	17	147	68
232	14	140	72
226	15	144	72
226	17	138	69
221	13	138	73
226	23	129	69
222	24	138	69
246.13821	18.685005	133.83038	224.42418
267.8055	16.951302	110.64229	247.79008
254.9106	23.585571	121.51986	240.63397
258.2632	15.125435	117.05268	251.07567
281	53	91	118
281	55	93	115
280	51	94	116
280	55	95	109
279	50	96	123
280	51	95	116
279	48	97	125
276	53	99	113
277	52	97	116
279	48	96	125
279	52	95	118
278	49	97	133
252	4	127	243
269	0	105	253
262	1	112	239
249	2	125	240
269	2	105	262
261	2	115	247
268	4	109	256
267	0	110	244
264	2	110	256
259	1	117	250
238	2	136	257
246	2	127	231
265	1	110	220
242	4	128	243
265	0	110	258
241	0	135	244
250	4	130	224
259	4	121	235
268	0	112	246
271	36	77	180
276	1	104	230
273	-1	105	252
272	0	109	237
273	0	115	243
272	-1	122	263
274	0	124	266
269	-2	115	256
269	1	117	261
271	0	114	267
271	-2	112	260
270	1	115	265
272	-2	112	262
271	1	112	246
272	2	118	252
271	0	117	261
274	0	118	258
274	-1	119	263
275	-1	116	263
276	-1	120	261
276	0	123	257
