110.0	192.0	8.0	9.0
112	192	9	8
114	192	11	8
120	193	12	7
129	194	9	7
135	195	11	8
142	180	9	8
150	193	10	7
156	192	11	7
162	194	9	6
167	192	9	7
170	191	9	7
172	188	9	7
173	183	8	9
173	177	10	11
175	173	8	10
177	168	10	10
183	161	7	7
191	178	7	7
172.83661	157.46725	20.767323	17.600033
194	143	8	9
200	137	8	7
205	133	9	8
210	128	8	10
215	124	7	7
218	121	7	5
224	118	7	5
228	115	8	5
232	114	8	7
222	106	10	11
215.62436	105.07355	26.598768	21.997028
212.91602	104.83392	24.15887	17.05253
221	105	9	12
221	107	8	9
216.76976	107.75417	19.109356	14.020264
219	105	9	12
207.70186	106.33848	26.445581	17.69673
212.67172	102.96047	17.70112	16.520113
210.57855	101.10563	26.946472	20.851181
195.31	95.920006	41.28089	31.069992
171.37042	92.54802	66.82749	67.825874
213.24696	167.48654	29.7583	59.707165
202.17859	167.94603	35.703327	58.947853
151	130	8	8
151	130	8	8
151	130	8	8
151	130	8	8
151	130	8	8
151	130	8	8
151	130	8	8
151	130	8	8
150	130	9	8
150	130	9	8
150	130	9	8
150	129	9	9
150	129	9	9
151	129	8	9
188.05806	191.94907	11.814251	8.57281
191.44502	182.42535	11.655172	13.211643
150	129	9	9
194.07684	184.11656	17.348944	17.554667
199.49698	182.5667	10.881175	12.390038
150	129	8	10
150	129	8	9
200.6707	183.74837	30.020245	26.286121
245.11143	180.77252	9.400454	9.45327
149	129	9	10
149	129	9	10
149	129	9	10
150	129	9	10
149	129	10	9
149	129	10	10
150	129	9	9
150	129	10	9
150	129	10	9
150	129	10	9
151	128	9	10
151	130	9	8
151	130	9	8
152	130	9	8
152	129	9	9
152	130	8	8
153	130	7	8
153	130	8	9
153	130	9	8
223.90088	173.975	34.538082	27.810472
153	130	9	9
220.98093	168.0369	34.775944	55.18667
224.4936	167.18216	34.344917	50.252804
224.46219	168.44156	27.26099	54.682938
207.08652	167.06818	62.038094	65.919975
262.22037	163.95593	35.451164	55.317078
208.52802	176.36607	26.480759	36.666553
215.22249	180.06877	24.014801	19.322468
205.49716	174.29712	22.577425	23.052292
198.0515	170.40633	26.439919	19.00567
202.32933	173.51813	23.877958	18.627504
210.71321	172.64627	13.7754755	14.3258705
205.48	172.77823	15.493916	14.725402
207	172	11	11
205	173	11	11
213	179	9	9
212	181	10	9
213	184	7	8
211	187	9	10
211	193	7	8
209	198	9	8
208	202	8	8
208	198	7	7
205	192	8	7
204	186	9	10
200	171	6	6
201	170	7	7
201	169	8	7
200.49026	176.69183	12.762855	11.748414
202	177	10	10
207	179	7	8
208	172	7	8
208	173	7	9
200.48886	173.69829	15.49205	14.409117
200.57011	174.1049	12.035608	14.867941
215	129	8	9
203.71321	172.24796	11.841344	12.310042
205.61046	171.80115	9.696886	10.887377
206.83922	172.33838	10.533533	10.90453
207.72658	172.84918	9.616566	10.423752
235	125	7	9
235	126	6	8
235	126	6	8
210.94562	175.19374	11.329584	11.951172
235	126	7	8
235	126	7	8
235	126	7	8
235	126	7	8
235	126	7	8
218	129	7	8
218	129	6	9
217	128	8	10
217	128	8	9
217	128	8	10
218	128	7	10
215.38596	171.59508	17.26188	17.899706
216.04057	172.86258	15.610457	15.435921
216.14578	173.52246	14.062379	13.615797
214.78017	174.1595	15.289727	14.783052
215	175	6	10
209.5634	174.21545	10.753625	10.081973
219	185	7	7
219	184	6	8
210.27982	180.27269	18.38895	15.423213
209.86131	174.07426	14.517369	13.603771
208.98701	174.77664	14.977205	13.2063675
208.98126	173.10959	15.890465	15.978197
208.79071	173.19208	14.40815	14.4072075
209.27417	173.19296	14.972609	14.050198
208.69	173.2633	15.152452	12.817331
209.71341	172.78336	20.557793	17.542423
209.45212	173.80641	15.139913	17.714705
209.18837	173.75671	14.019977	13.497128
209.1079	173.91737	13.436385	12.988812
210.10005	173.84444	14.791051	13.09908
155	129	6	8
155	129	6	8
211.85747	174.24974	14.158355	13.151153
155	129	6	8
211.98514	173.79272	14.146169	12.948514
213.15019	173.47546	12.227919	12.991756
214.08691	172.888	12.4769745	12.902029
216.57622	184.41539	8.83976	7.4154396
216.9506	183.35695	9.110788	7.1925898
216.7588	184.59792	8.155814	6.7921805
217.12082	184.33728	8.007077	6.641238
217.37863	185.30968	7.717077	6.124922
218.66354	185.36086	6.2248464	5.746824
218.00676	175.56042	7.4511	9.424442
218.94101	173.38606	9.08788	13.780064
220.88968	172.87965	7.951053	9.088599
155	129	6	8
155	129	7	9
224.09557	184.33582	8.8666525	8.686581
225.03777	184.4426	8.005545	7.700617
226.4094	185.49174	7.714205	7.860987
224.80574	183.17818	8.719909	8.664343
223.87006	175.68906	10.924126	14.471905
223.2365	176.59734	11.765787	15.060922
222.5596	174.72939	14.735952	17.160545
222.9211	176.03961	13.272638	14.929466
223.43388	177.87836	11.9305105	13.395387
224.01323	177.4465	12.386837	13.257746
223.0468	174.4688	13.338041	14.056922
222.65622	175.70763	11.8911295	14.885786
228	179	10	16
222	176	8	11
221	176	9	12
221	176	10	14
220	176	11	14
232	184	7	8
220.21356	176.39383	14.592779	14.668838
219.35391	177.524	15.061693	15.342445
219.39366	178.04933	14.980548	15.223957
218.86009	177.8617	14.26176	14.9637165
221.22585	177.06271	12.522565	16.612051
219.30835	177.22777	11.984677	16.22433
224.09984	177.22275	10.1162405	17.20447
220.76022	177.53741	12.546868	16.468155
220.36082	177.85875	14.15021	17.07999
221.11261	179.48062	14.071732	16.489532
221	180	10	14
223	188	9	8
226	187	9	12
227	189	8	11
227	188	12	12
228	189	12	11
223	181	16	17
223	181	16	17
224	181	14	16
227	181	16	15
226	179	16	19
227	179	16	16
228	185	13	10
230	182	14	12
233	179	12	15
232	180	15	16
233	180	13	15
234	181	17	19
236	181	13	12
237	179	14	13
242	189	9	8
243	186	8	11
243.00644	178.32338	13.48902	9.318379
246	175	7	8
248	174	5	5
249	175	5	5
250	174	5	5
250	174	5	5
252	174	5	5
252	175	5	4
254	175	5	5
254	176	5	5
253.74861	176.64827	7.6827106	5.8644285
255	178	5	5
256	178	5	5
256	179	6	5
256	178	5	5
255	178	6	5
254	177	6	5
252	176	6	5
251	174	5	5
249	172	6	5
246	170	6	5
244	170	6	5
243	169	6	5
241	169	6	5
239	169	5	5
236	170	5	5
232.86389	172.57439	8.662876	7.6540623
236.11388	177.69748	8.301451	9.478336
226.71875	183.166	8.84956	6.900613
224.1576	184.9657	16.48759	12.321482
230.37915	192.79214	14.529303	11.20726
231.74516	192.18636	14.005928	11.504463
183	163	7	7
223.43019	196.81038	7.8657	7.244486
225.77615	199.3487	8.664953	9.333547
169	176	9	9
164	181	9	9
160	186	10	10
156	193	8	8
151	199	10	9
147	206	9	9
141	212	11	10
137	221	11	11
135	219	9	9
132	211	11	10
130	206	9	9
127	200	10	10
125	196	8	8
122	192	8	7
119	187	9	9
117	184	9	9
115	183	8	8
112	182	9	9
110	184	9	8
108	185	9	8
106	188	9	8
104	191	9	8
104	195	7	8
103	199	8	8
104	204	9	9
107.6193	191.49815	16.71338	16.145132
107.90779	193.7979	17.673187	15.354793
109.869446	195.53175	14.785341	12.989889
106.54134	193.01944	21.097288	16.30621
116	212	9	9
118	207	10	9
124	203	8	8
125	200	8	8
136	202	8	9
130	196	8	9
131	197	8	9
133	200	8	6
134	201	9	9
135	205	9	9
133	210	11	10
123.70668	204.23909	17.004969	13.059815
137	221	8	8
135	220	11	8
130	213	11	10
130	209	8	9
131	207	9	8
130	205	8	7
132	203	8	8
130	203	8	7
129	203	8	8
129	206	9	8
129	210	9	9
126	210	10	10
109.736275	194.88779	30.17903	23.971207
127	218	14	12
117.32524	203.2415	24.26553	19.80081
127	209	8	8
126	206	9	8
126	203	8	7
126	200	8	9
126	198	8	7
126	198	8	7
127	200	8	6
129	203	9	9
129	205	10	11
125	199	8	9
131	205	10	8
131	204	10	10
133	209	10	10
133	206	10	9
134	202	9	10
135	199	9	9
136	197	9	9
139	195	8	8
139	193	8	8
141	193	8	7
145	194	7	7
145	195	8	7
149	199	8	8
150	202	9	9
152	206	8	9
152	200	12	10
153	203	12	11
157	215	8	7
157	209	8	9
157	205	8	8
158	202	8	9
157	199	8	7
159	196	7	7
159	194	8	8
159	195	7	7
160	196	8	8
162	199	9	9
162	203	10	9
165	208	8	9
165	202	11	11
168	212	8	9
168	207	10	9
169	204	8	8
170	199	8	8
171	197	8	7
172	193	8	7
174	191	7	7
175	191	7	7
177	191	8	8
179	193	7	7
179	195	8	8
179	200	9	9
181	204	8	8
182	207	9	10
180	213	10	9
179	208	12	9
183	205	8	8
170.96796	192.40381	19.524864	15.868835
170.0333	214.6982	14.067317	6.8675265
171	214	9	6
173	214	12	6
177	215	10	5
181	214	7	6
179.48553	214.85767	13.1164465	6.3808446
176.38245	208.41103	19.339737	11.95752
182.2822	194.52873	15.094348	16.664062
183.8404	194.47417	11.188507	10.195457
187.01991	192.92668	10.808706	11.262417
183.08281	188.52278	17.514946	17.804012
183	195	9	8
187	192	11	12
190	193	8	8
185	187	9	10
186	185	12	12
185	185	12	11
191	186	8	8
186	186	10	9
189	182	8	9
188	187	11	8
189	183	8	10
190	184	9	10
191	185	9	9
191	191	10	7
193	190	7	7
193	191	9	8
215	193	6	7
215	190	6	7
192.73997	192.72559	11.813662	9.335505
200.40364	189.89407	13.883882	10.148862
202.30338	185.38249	12.533551	11.138105
205.12701	181.58133	10.86809	8.833094
204.39217	174.9732	11.536654	11.446279
201	171	8	11
204	178	11	10
204	176	10	10
210	178	5	5
207	178	6	4
205	179	4	5
203	180	5	5
201	181	5	5
202	184	4	4
202	185	4	4
203	186	5	4
204	186	4	4
204	186	4	4
203.11557	183.57452	8.175542	6.9071903
200.29225	177.48065	17.156727	14.930504
209	150	6	6
207	154	8	8
222	178	6	7
222	179	6	8
215	194	8	9
216	194	8	9
219	191	8	9
218	194	6	7
218	195	7	9
216	189	7	7
212	192	8	8
210	195	8	10
208	193	11	17
209	187	14	15
204	192	11	15
204	195	8	8
204	194	7	7
202	192	10	8
197	187	11	11
187.64749	180.82639	28.940304	22.978453
194.20749	185.47256	24.910059	19.76941
199	190	8	9
198	190	7	8
197	187	10	11
179.16893	171.87846	38.05178	51.36607
179.77396	171.45021	35.61295	50.826794
179.78317	173.053	33.48145	51.57309
179.11943	170.79114	29.71147	54.19237
180.24606	190.53532	25.95143	34.328037
183	172	14	17
179	186	8	18
177.13918	180.94281	21.550812	21.518969
181	214	12	11
174.21556	180.85747	18.689108	17.695095
175	180	15	15
175	186	9	9
195	184	7	6
200	187	5	4
200	186	5	4
202	188	4	4
202.62694	186.17918	7.2222204	5.8097415
205	186	5	5
206	186	5	5
205	186	7	5
207	186	6	4
208	185	6	5
207	185	7	5
206	183	9	8
185	187	7	7
176	178	9	11
183	185	9	9
184	186	9	8
184	187	9	6
186	188	8	7
180.39513	187.64459	13.977101	8.682898
182.45984	189.60133	14.456232	8.032093
183.21011	188.52527	13.273922	9.005386
188	189	10	7
191	189	7	8
191	189	8	7
191	189	8	6
186	192	7	4
186	190	8	6
187	187	8	8
189	186	7	10
190.38364	190.26454	11.320257	11.049326
188.33327	199.45876	15.20675	11.4967985
198	174	7	9
186.36082	205.04266	13.590363	11.92087
181.96452	181.9338	36.31239	32.42078
188.47197	193.72359	15.651537	16.289412
188	191	8	8
188	186	7	8
188	181	6	7
187	176	7	7
187	170	8	7
188	165	6	6
189	160	7	7
190	157	8	8
192	154	9	8
194	152	7	6
197	150	10	7
204	148	8	9
206	154	7	5
209	149	7	6
211	141	7	7
214	134	7	8
215	111	8	9
215.51016	125.99169	12.562305	11.491738
215.05219	122.86346	14.624893	12.498096
222	126	9	9
220.48251	120.67585	15.539732	14.9387045
217.70648	115.77021	29.890133	27.889994
221.95633	118.11375	13.055069	18.600628
226.09483	112.94021	26.786158	27.268278
212	57	9	10
212	55	9	9
213	52	8	9
230.15195	102.951645	22.103079	19.358437
231.87352	98.71701	21.870472	25.88065
206	46	12	10
206	45	7	7
233.81097	81.05545	27.245619	41.846165
235.51392	80.80542	28.340393	40.50266
234.58882	79.506256	30.58535	39.948994
241.02951	96.49769	20.100979	18.961277
248.74982	96.53668	10.336685	12.735274
256.88544	90.54345	10.304625	9.65749
252.39172	79.90034	17.002556	15.742956
263.66748	78.98175	8.033169	11.151514
264.0071	80.407845	7.138517	10.28019
263.88242	81.68448	8.001665	9.252385
261.53064	81.880005	11.179939	9.824429
261	82	8	11
261	83	8	11
261	83	8	10
261	86	8	8
260	84	8	10
261	85	8	9
259	86	8	8
260	88	7	6
258	85	9	9
259	87	7	8
257	83	8	9
256	83	8	9
257	83	7	10
256	85	7	8
254	83	7	11
252	82	10	12
252	80	8	12
251	84	6	7
251	83	6	7
251	80	5	7
250	79	6	7
249	78	6	7
248	77	6	7
247	76	7	8
246	76	6	7
246	74	7	9
247	78	5	5
245	76	6	7
245	74	6	9
244	74	6	8
243	75	6	7
243	75	5	6
242	74	5	6
240	73	6	7
241	72	7	8
241	72	6	7
238	73	7	7
237	75	6	6
236	73	8	8
235	76	6	6
236	74	6	7
233	74	7	8
233	72	8	9
233	72	7	8
232	72	7	8
230	71	7	9
229	71	8	9
229	72	7	8
228	73	7	7
226	73	8	9
226	73	7	8
225	73	7	7
225	73	7	8
223	73	8	8
222	73	7	8
221	73	7	8
221	72	7	8
221	72	7	8
219	72	8	9
217	72	8	9
217	72	8	8
216	73	8	7
216	73	7	8
214	74	8	7
214	75	7	8
213	75	7	8
211	74	8	9
209	74	8	9
209	74	8	8
208	74	7	9
207	73	7	9
207	74	7	9
206	74	7	9
205	75	8	8
205	74	7	9
205	75	7	8
203	75	8	9
204	75	8	8
202	74	8	8
203	75	8	7
202	74	8	9
201	74	8	9
202	75	7	7
201	74	8	9
201	74	8	9
201	74	8	8
200	74	8	8
201	74	7	8
200	74	8	8
199	74	8	8
200	74	7	8
199	73	8	9
199	74	7	8
197	73	8	8
197	73	8	9
197	73	8	10
196	73	7	9
195	74	8	9
196	74	8	7
196	75	6	9
195	80	4	4
194.2502	75.5063	7.475881	5.886629
194.02196	75.98139	7.649335	7.989196
193.58423	75.71905	7.9212246	6.0651135
193.60098	76.55156	7.8267937	6.8983784
193.52473	76.43258	7.908715	6.457705
194.10352	75.540985	6.9698963	5.7715664
193.1238	76.12276	7.8976135	8.331505
193.24628	75.25928	7.8537655	8.087052
193.77846	75.019424	8.093724	8.387166
194.22835	74.940285	7.2261577	6.174544
194.41817	74.721054	7.496854	7.331266
194.86136	75.84465	7.8147874	7.5086555
196	76	6	8
196	78	6	7
196	79	6	7
196	75	7	6
197	77	7	9
197	80	7	7
197	75	7	7
198	75	7	8
201	80	6	5
201	79	6	5
202	76	8	7
204	76	7	7
205	76	8	8
207	76	7	8
208	75	8	10
210	75	8	10
212	77	7	8
212	76	8	10
214	75	8	9
215	76	8	9
215	74	11	11
217	74	10	10
219	73	8	8
220	73	7	8
222	72	8	9
222	74	8	9
224	74	7	8
225	73	7	9
226	75	8	9
227	75	7	8
226	74	10	12
230	77	6	7
231	76	7	8
230	75	7	8
228.65216	77.19113	11.219571	10.946864
230	67	9	10
233	66	8	8
235	65	9	9
244	95	8	8
225.52612	61.850746	32.98595	31.09447
237.83583	63.586952	18.152912	22.187672
238.58438	65.266556	22.483719	27.22958
240.9148	61.388817	18.975864	26.240582
235	106	9	13
230.19525	74.20392	35.809525	38.87329
248.94284	79.63636	14.777525	17.49297
245.27176	71.685684	17.867554	15.546241
237.81541	72.93895	17.182613	18.535547
240	73	7	8
242	74	6	8
243	74	7	7
246.8892	81.72514	20.245522	19.818018
244.94633	74.672226	25.11081	24.70815
230.57036	57.70276	44.485622	50.293133
240.8614	69.17743	37.723778	67.11161
248	99	7	8
230.75696	66.5364	51.49135	64.66112
255.31064	75.19756	21.993277	32.455124
253.23273	85.44928	13.707879	13.917291
255	103	7	7
252.14037	87.148705	16.876553	14.162036
253.20654	94.22598	15.30163	11.70965
292	90	7	8
292	91	6	6
260.7397	113.13986	9.843006	8.456024
306	96	8	8
263.63385	105.6973	9.979927	8.638691
265.95737	102.31821	9.837802	8.412096
267.97327	99.68574	10.384822	8.307679
271.4084	98.00034	10.226312	8.455383
275.38083	95.265396	9.594482	8.420168
280	93	9	8
284	90	10	9
289	93	8	8
294	95	8	8
297	96	7	7
302	100	7	6
305	104	9	7
301.689	99.1652	13.771607	13.376298
288.6395	77.98576	13.348143	15.34242
286.40433	72.250946	23.299145	22.22241
283.59064	67.85426	37.06029	35.60697
317	102	7	7
318	98	7	7
321	94	7	8
283.82675	63.5713	62.0911	66.458015
279.48065	69.811584	70.87271	57.08566
293.4185	77.26585	53.3293	50.86723
285.98355	63.972958	69.35081	67.54197
292.4235	71.45267	57.0805	56.20178
286	70	8	8
310.77527	71.41153	38.527184	54.16245
296.52652	70.37884	45.606777	52.281055
295.8709	61.667717	74.19256	76.55812
302	84	8	8
313.09378	68.7126	38.228672	57.14938
314	89	7	6
292.80386	65.73656	60.02628	60.801033
297.2858	62.82193	59.773975	64.230774
297.9464	63.394794	62.38211	63.8077
309	121	6	6
294.06818	63.785217	51.2639	64.256256
292.25116	65.751205	41.23729	59.003548
303.9161	61.17524	43.714066	64.14888
329	86	9	10
274.05417	28.21424	8.561841	10.480716
273.861	28.958046	8.698206	9.866341
273.09073	28.714304	8.801975	10.089643
273.86276	28.32764	8.975558	9.732107
273.39453	28.186268	8.728873	9.847223
336	84	10	10
273.75546	28.627779	8.76174	9.886646
273.07394	28.173702	8.715638	10.17761
310	83	9	8
273.44836	28.1689	8.635983	10.239611
309	81	10	10
273.35886	27.572649	8.950069	10.066983
286	61	9	7
273.02948	27.727749	8.648975	10.033781
309	83	8	7
273.5573	27.194105	8.8555975	10.103307
273.37854	27.400091	8.528129	10.310841
273.10016	25.984741	8.911125	11.501472
272	25	8	11
271	27	9	9
271	27	9	9
270	27	9	9
268	26	9	10
268	26	9	10
267	26	9	10
263	26	10	10
264	26	9	9
261	25	10	10
259	26	10	11
257	26	10	10
256	25	9	10
253	22	11	13
253	23	10	17
252	23	13	15
252	23	10	13
249.35658	22.14806	14.438277	26.49755
252	23	9	15
249.19356	23.950111	14.352441	18.929743
249.11345	23.747921	14.764188	23.291275
242.1405	23.215399	28.07911	27.928753
238.29773	16.314337	30.084463	41.064373
248.67017	24.796848	18.937248	29.303156
250.68225	23.671688	13.792979	30.474878
240.76372	25.469711	30.490929	33.436783
235.09059	21.88306	46.475735	49.356117
326	28	10	16
341.68738	101.19054	71.72554	29.798496
306.48685	61.04417	56.907608	33.690315
317.71265	24.37891	25.015177	26.192818
316.09674	25.377453	24.300701	24.255516
296.32324	21.278732	46.181316	47.199203
319	31	13	16
307.05432	67.6963	28.18755	27.405794
311.20703	60.277397	29.914658	36.166016
323	33	9	16
327.1904	60.606144	26.20092	50.806755
305.8282	63.36184	45.765476	57.601597
322	30	11	20
322	33	10	16
300.4856	66.80475	34.543694	50.335964
308.79233	68.74545	24.94266	32.838463
308.3123	67.31423	25.98495	49.546925
306.1638	63.339897	26.245169	52.396595
288	66	8	8
287	67	8	8
297.42554	50.969196	55.259445	65.685234
287	67	8	8
302.5783	67.62082	38.0544	50.85737
286	67	8	8
286	67	8	8
286	68	8	8
309.58566	55.138783	55.427483	36.28724
300.8807	61.96662	36.72736	46.049236
301.9815	58.868958	35.156013	58.87585
293.02316	63.821007	25.990498	55.333393
281.92987	66.87532	29.048822	51.661587
280.03827	64.36737	35.32786	52.33831
289	85	6	6
300	61	8	9
294.10336	61.064373	48.1501	47.880013
287.02563	62.47531	33.98622	56.4993
328	65	10	9
290.5324	70.78351	28.613287	42.902447
312.79565	66.23955	33.90756	50.527664
321.44742	64.292	26.353325	50.3757
325.26077	67.06381	22.345379	48.169
327.26657	66.04122	22.440754	48.341507
328.9794	66.17368	21.725697	47.807705
327.4627	65.84921	28.381731	48.985962
300	62	8	8
323.51495	62.27536	33.53791	50.624874
331.15408	68.04346	24.960854	37.246567
337.1839	66.53478	20.100204	29.409191
339.60803	69.37976	19.443504	21.771484
329.60947	57.36644	45.525524	38.12738
292.08542	64.870834	27.821993	53.01867
275.42606	65.90802	28.587692	50.751007
274.34167	68.30429	23.122036	45.21624
272.63507	65.37656	17.165411	50.555546
274.2409	69.26156	15.395683	47.032024
304	66	8	8
272.64978	67.21057	17.4945	49.83948
313	87	6	7
314	88	6	5
269.48288	66.88148	22.684786	51.707127
309	66	8	8
271.16776	65.53905	18.734013	51.259804
269.5048	65.207214	21.427576	49.738033
322	84	5	6
269.6361	66.12977	21.29459	49.18928
325	84	5	5
268.09937	65.90235	25.14085	50.52178
269.4387	65.16054	22.709993	50.724545
329	85	6	6
330	85	6	6
265.8029	65.69022	30.324953	49.791157
330	84	7	7
331	84	7	7
247.89272	63.267242	29.315578	55.062286
248.80179	63.350586	31.518974	55.974636
249.92337	62.10058	29.762037	56.841034
250.72743	60.665703	35.58548	58.833836
250.27274	60.56172	32.443115	58.308598
270.9526	65.59465	25.897097	51.819664
283	67	8	7
249.7137	61.11724	34.546543	58.41393
271.62582	65.57829	24.938509	50.815483
275.69608	65.680176	21.405155	50.915916
261	59	9	10
276.25693	65.52842	19.798542	50.5191
275.03113	67.21284	20.488455	49.73155
275.72885	66.228546	23.024254	49.736057
284	66	7	8
276.65854	67.39292	21.469427	49.677433
275.31946	66.39573	23.658756	49.698223
276.05038	66.41206	22.481998	49.987465
258	59	8	9
257	59	9	9
276.68625	64.73245	35.632397	53.983555
292.76797	62.086456	43.96576	50.650818
257	62	7	8
262	31	9	16
277.19434	69.6124	20.742079	46.168823
279.718	67.35898	40.127605	41.40429
253	58	9	10
254	60	8	9
253	59	8	9
253	59	8	9
252	59	9	9
251	59	10	9
252	59	9	8
252	59	8	8
251	59	10	9
266.88892	65.82842	26.310297	46.846817
277.44537	67.59786	26.444904	42.85924
267.8205	65.913704	23.662626	48.354664
276.0274	66.522995	26.220812	38.42811
264.2671	65.49379	25.97161	46.62735
264.95892	65.35175	25.052597	46.276783
246.96983	59.49654	52.52115	55.891136
231.73235	56.805504	83.726715	76.53136
188.70859	85.90024	66.51539	90.77824
228	98	9	10
210.175	112.438156	40.05712	58.899193
225.13867	92.226746	37.47563	37.51671
237.35196	56.89914	71.86297	59.461346
225.19534	89.17736	49.09715	88.55684
233.96565	79.89719	49.17098	91.3356
226.27774	92.38089	64.21655	80.9625
257.2378	64.3736	46.526077	54.5191
242.46353	59.086983	26.302057	53.549942
260.80313	106.2856	23.41486	23.35065
259.46942	91.00879	41.109562	36.040154
260.0505	69.63623	21.10528	27.926397
256.688	68.10625	25.191116	41.923065
292	97	9	10
259.36176	63.329918	21.512726	49.895382
258.91364	65.6142	22.87034	46.681824
258.82214	64.15692	23.200907	49.582714
258.55368	64.31776	23.569857	48.518665
340	74	6	6
257.60544	63.20626	22.928787	50.755413
257.62546	64.796875	20.966661	48.01377
256.22195	65.633865	22.293266	46.909485
257.52435	68.75845	21.880272	43.37757
255.90747	66.12899	24.078367	44.13319
253.41232	61.10357	34.080803	50.65706
255.60611	63.453297	31.546028	48.651787
252.82587	63.842102	45.372616	47.262512
246.70563	63.92936	43.39955	50.68509
260.172	61.82697	36.39478	49.009727
263.38635	61.830784	30.256927	46.58114
318	60	9	9
314	59	10	9
314	60	8	9
268.34717	63.610275	25.500586	34.111393
283.07556	81.97216	10.094763	9.335427
284	83	9	9
274.3037	72.69181	25.05469	18.62791
281.3689	64.9422	29.265606	31.329943
254.78595	57.551743	63.74836	50.8505
288.1004	77.59201	18.03043	31.952019
259.8488	70.42395	24.599827	37.841465
256.44907	62.60345	38.020817	47.78434
272.65805	61.068855	34.863144	50.23929
254.45349	41.077847	96.03015	77.825645
254.72464	62.142365	40.407425	51.42798
259.90967	58.317093	33.686367	55.62707
253	23	12	14
254	25	8	10
253	23	9	12
254	24	8	11
254	25	8	11
254	24	8	11
254	25	8	11
254	23	8	13
255	26	8	10
255	22	8	15
255	22	8	14
255	24	8	12
255	23	8	13
255	24	8	13
255	22	8	17
255	22	8	22
255	21	8	23
254	23	8	20
253	19	10	25
255	21	8	22
254	21	8	25
249.08075	18.975155	17.25011	32.32621
251.15872	21.061361	20.923225	36.17333
242.47919	19.588327	46.131397	47.033062
268.20987	63.41174	32.532864	51.52021
253.13141	58.751884	38.094734	57.294178
247.93924	62.485176	41.768623	53.4449
247.1457	60.737953	34.595806	48.157413
242.32419	61.47146	41.867073	59.172596
241.00414	60.041157	35.157124	55.127403
270	85	10	15
200.52922	62.392853	47.081512	54.772617
195.6792	70.88963	52.41081	64.30185
198.42719	61.362423	73.00133	68.028114
