255.0	133.0	22.0	19.0
256	134	22	18
256	132	19	21
256	134	22	18
256	134	23	19
256	134	22	18
256	134	21	18
256	134	23	17
257	134	21	18
256	135	21	16
256	134	22	18
256	134	22	18
257	134	21	17
255	135	24	18
256	134	22	18
256	134	22	18
256	134	22	18
256	134	22	18
257	135	20	17
257	134	20	17
256	133	22	18
256	134	22	19
256	134	22	17
256	134	22	18
256	134	23	18
257	134	21	19
256	135	21	17
256	134	23	19
256	135	22	17
256	134	22	18
257	134	20	17
255	135	24	19
256	133	22	19
255	134	23	18
257	134	21	18
255	134	23	18
257	133	22	19
256	135	21	17
258	133	20	20
257	134	20	17
256	134	22	17
257	134	21	18
256	134	21	17
256	134	22	17
256	134	21	18
257	134	21	17
257	135	21	17
255	134	23	18
256	134	22	18
255	134	23	19
256	135	21	16
257	134	21	18
257	134	21	17
256	133	22	19
256	134	21	17
257	134	21	18
256	134	23	18
255	134	23	19
257	134	21	17
257	134	21	17
256	134	22	18
256	134	23	19
256	134	22	18
256	134	22	17
258	132	21	22
255	134	23	18
256	134	22	18
257	134	21	17
258	134	20	17
256	134	21	17
258	134	20	17
256	134	21	17
254	134	24	19
257	134	22	19
257	134	20	17
255	134	23	19
257	133	21	18
256	134	22	18
257	134	21	18
256	134	23	18
257	134	21	17
257	134	21	18
256	134	22	19
257	134	22	18
257	134	21	17
255	134	23	17
257	134	21	17
256	134	22	17
257	134	21	18
256	134	22	17
257	134	21	17
257	134	21	17
256	131	19	20
256	130	21	22
256	135	19	17
257	140	18	14
250	160	16	21
228.11542	131.81456	42.732903	33.23051
249	159	18	23
230	159	17	13
250	160	15	23
236.43808	134.96039	34.580204	30.06468
250	160	15	23
249	160	17	22
251	161	14	22
249	160	19	22
251	161	15	22
239.07446	154.14969	29.450775	29.885128
243.86946	159.6076	22.776875	24.307726
247	162	19	23
244	161	22	25
249	160	17	22
249	161	17	22
244	160	21	24
229	159	17	14
250	161	15	21
230	160	16	13
250	161	15	20
250	161	14	21
250	160	17	22
249	161	18	22
249	160	21	23
250	160	17	23
256	141	20	14
246	125	20	23
250.197	189.15901	20.100859	17.826473
248.77834	186.86716	20.820332	19.770493
248.98013	188.1366	21.042978	18.424555
251	164	14	18
248.94487	188.45287	21.018475	18.565691
250.25938	189.17708	19.534466	17.653112
251	188	17	17
250	188	19	17
250	188	19	18
248	188	20	18
247	188	22	19
249	188	20	17
250	188	19	17
248	188	21	18
248	188	21	18
247	187	22	19
241	183	29	25
244	161	22	23
244	159	25	26
245	160	22	22
242	160	27	24
245	160	22	22
239	160	29	26
244	160	23	25
244	161	23	23
245	162	24	24
238	157	30	28
235	159	36	33
216	155	41	44
246	161	21	25
238	159	31	26
248	161	17	21
230	160	17	13
250	162	15	20
250	162	15	20
229	159	18	14
241	131	23	17
239	132	23	19
229	129	33	22
226	126	33	31
214.05	86.893	20.776072	25.32609
215.1593	87.04768	20.243496	28.574585
214	86	21	29
215	87	21	30
215	86	21	28
214	86	21	28
215	87	21	27
215	86	21	22
214	86	20	24
214	87	19	23
215	86	16	18
215	86	15	15
215	86	13	12
214	86	12	13
215	86	11	12
215	86	11	12
215	86	10	11
215	85	9	11
198.91524	97.837585	21.85095	18.865852
201.67557	92.17016	33.234234	26.893286
215.76851	86.018295	18.995745	19.274113
214.8858	86.75316	21.079885	28.791126
214.57993	86.914085	20.70903	29.627518
214.65913	86.63091	20.248236	26.200733
214.05922	86.07495	22.971382	27.90931
214.75584	86.29122	20.845081	27.883926
213.18379	85.79715	24.09121	29.265106
251	162	13	21
251	162	14	21
251	162	13	20
251	161	14	21
251	161	13	21
251	161	13	22
251	162	13	20
251	162	14	21
251	161	13	22
250	160	15	22
251	161	13	22
251	161	14	22
251	162	13	21
251	162	13	21
251	161	14	22
250	161	16	21
251	162	13	20
251	162	13	21
251	161	13	21
250	161	14	21
251	161	14	22
250	161	14	22
251	162	13	20
251	162	14	21
251	161	13	21
251	162	14	21
251	162	13	21
250	161	14	21
251	161	13	21
250	160	16	22
251	161	14	21
250	161	14	21
251	162	14	21
250	160	17	22
251	162	14	21
251	161	13	21
251	161	14	22
251	161	13	22
251	162	13	20
251	161	13	22
251	161	13	21
250	161	14	22
251	161	13	22
251	161	13	22
251	162	14	20
251	162	13	20
251	161	14	22
251	161	13	21
251	162	14	20
251	162	14	21
263	153	17	13
251	161	15	20
244.065	99.8792	32.793694	35.423237
248	136	19	15
267	151	25	24
272.2149	108.39877	30.646286	31.132908
283.61136	108.30257	23.044971	26.58534
264.4856	108.66026	55.665432	45.1791
266	130	23	23
286	108	19	27
267	125	21	23
285	109	20	26
302	126	29	26
286	109	21	22
276	110	28	30
277	110	29	29
264.42517	124.46297	21.17127	21.685219
266	125	22	21
267	126	20	18
268	126	21	19
268	126	20	19
286	109	18	23
268	127	19	17
264	124	21	24
264	126	24	24
285	107	21	26
262	116	29	30
249	125	31	27
289.10388	103.288765	21.150984	23.926397
290	99	22	25
290	100	23	24
292	99	24	22
283	98	32	33
291	98	22	23
291	97	22	25
292	98	21	24
292	98	21	23
291	98	21	24
290	98	22	26
285	98	29	30
288	97	25	26
288	98	25	25
284	99	31	29
276	98	38	31
271	95	49	41
323.12558	124.328354	24.725933	21.351353
319.95956	124.581276	27.942953	25.133076
316	121	34	27
323	123	24	22
317	126	30	25
323	125	25	22
322	125	25	24
323	125	25	24
324	124	24	23
323	125	25	23
323	125	24	23
320	125	27	28
323	125	27	24
322	124	26	22
322	125	26	23
319	126	28	30
315	124	35	27
321	125	28	28
321	125	26	26
305	131	30	30
323	141	27	23
324	124	24	24
323	141	27	23
322	140	28	24
321	125	27	25
304.12885	122.59421	44.682026	36.954918
323	124	25	22
319	125	28	26
320	125	27	26
304	129	30	31
322	136	28	28
305	129	27	29
317	135	32	30
320	136	31	29
310	115	36	38
321	147	29	35
297.98224	94.02568	23.503942	26.245464
297.33414	95.233444	23.573011	25.437855
294.55396	95.734726	25.94382	26.77521
281	165	22	27
281	166	21	27
281	163	23	28
299.64883	95.38544	21.427378	24.760105
251	162	17	21
252	163	15	20
251	162	16	21
294.5192	93.17034	27.514017	28.495672
283.5994	85.84061	49.943924	48.842773
293.874	80.38705	47.163967	49.42046
321.7974	124.35358	25.76066	21.215239
316.7423	125.04592	30.980492	26.57188
304.31635	117.99567	45.899815	38.220272
233	165	13	22
233	162	14	25
298.32263	91.84393	25.659124	27.699593
295.9726	91.55209	26.286592	29.00202
287.02707	90.80472	34.39518	33.041344
298.68283	92.66487	23.793236	28.819206
300.3989	92.67366	22.654291	25.81165
271	158	10	16
271	157	10	17
271	158	10	16
271	157	11	17
271	157	10	17
271	157	10	17
271	157	10	17
271	157	10	17
271	157	10	17
271	158	10	16
271	157	10	17
271	157	10	16
271	158	10	16
271	157	10	17
271	157	11	17
235.52269	152.96739	39.088776	40.057762
238.61835	165.7743	34.31239	24.924429
238.64232	163.71431	31.137888	26.53972
237.1229	163.19711	36.4153	29.08561
315	148	13	13
236.4179	162.48756	29.792336	26.6755
230.05087	149.5919	43.152294	43.38943
235.35667	163.15094	33.457497	24.181343
233.50996	152.1997	44.807655	42.32059
314	147	15	14
315	148	14	13
315	147	14	14
254.6061	136.49702	28.445774	29.231909
315	147	14	14
241.24857	130.193	40.91913	34.82134
315	147	14	14
315	147	15	14
281.63675	172.11244	34.92878	28.224667
273.4195	157.41214	47.917828	47.509525
277.8829	166.68057	37.562305	31.270092
278.1698	162.90349	39.76645	43.195812
304	95	18	23
266.2285	150.32933	33.772434	33.92028
273.32452	141.24097	39.314087	35.12141
326	124	24	21
282.01135	168.96187	32.816025	31.268389
273.3457	170.39404	41.463615	33.299393
276.0958	166.39203	41.774593	33.499813
285	121	18	18
280.84653	171.89557	36.942844	29.561806
308.5235	147.40501	42.54442	41.126125
259	104	24	23
259	104	24	24
248	78	19	19
258	105	25	23
280.46432	168.67293	35.84902	33.44819
248	78	19	20
279.18375	171.86996	36.982506	28.045914
248	78	20	20
248	78	20	19
280.11276	167.9437	38.008938	33.127247
269.12476	158.03203	54.577606	46.501915
248	78	19	19
248	78	20	20
248	77	20	20
248	77	20	21
248	78	19	20
296.3334	92.57805	27.995493	31.36207
270.34863	104.95918	26.19685	21.764412
272.32214	99.71005	27.454119	27.697542
247	102	21	23
281.65903	94.146736	20.679014	27.276594
233	116	26	27
269	121	13	16
276.4432	94.34052	25.072647	26.324207
261.03915	90.60958	58.498814	42.88936
287	143	15	19
288	143	15	18
288	144	14	18
288	144	14	18
286	145	16	17
287	144	15	17
288	144	14	17
288	144	14	18
288	144	15	18
287	144	15	17
288	143	14	18
288	144	13	17
269	160	14	21
278.57074	94.535385	21.02194	23.509705
277	140	19	18
266	155	15	15
265	154	16	16
278	168	15	15
278	168	17	12
278	169	18	13
278.23886	94.727745	21.6907	22.198715
278	169	17	12
279.38235	94.287636	20.241177	22.281239
279	169	16	12
271.6195	95.34003	27.775232	25.111034
279	169	15	12
278	169	17	11
279	169	15	12
278	169	17	12
279	169	16	12
278	169	16	12
278	169	17	11
278	169	16	12
278	169	16	12
279	170	16	11
278	169	17	12
278	169	17	12
278	169	16	12
278	169	17	12
278	169	17	11
278	169	16	12
272.18857	99.277336	26.170467	28.573196
262.68622	105.15836	43.385406	34.511616
265	156	16	19
279	169	15	12
278	166	18	14
248.59126	103.51982	20.977072	20.227901
267	162	20	17
293	178	19	18
293	178	17	16
260.14902	83.97309	27.307209	31.687912
276	145	21	24
262	164	19	17
262	164	21	17
277	141	19	24
276	145	21	25
276	141	20	26
276	142	21	25
275	144	22	26
276	144	21	25
266	121	22	20
279	140	15	16
266	122	22	17
266	122	24	17
266	120	24	18
266	121	23	16
243	103	28	28
266	86	19	24
267	87	18	23
267	86	18	24
266	87	19	23
245	72	21	20
267	87	18	23
245	73	21	19
245	101	25	24
267	88	18	22
245	72	21	20
268	87	17	22
267	87	18	22
245	73	21	20
245	72	21	20
245	72	21	20
267	86	18	24
