332.0	82.0	25.0	85.0
332	82	25	81
331	85	26	79
331	83	26	80
331	84	26	80
331	83	26	80
331	84	26	79
331	84	26	80
331	84	26	79
331	84	26	80
331	85	26	79
331	83	26	79
331	83	26	81
331	83	25	81
330	85	26	79
331	85	25	80
330	84	26	79
330	84	26	80
330	84	26	80
330	83	26	80
330	84	25	79
330	84	25	79
330	83	26	79
330	83	25	79
330	83	25	79
330	83	25	79
329	83	26	79
328	83	26	79
329	80	26	83
329	85	25	77
328	84	26	77
329	85	25	75
328	83	26	77
327	84	26	77
326	86	26	75
326	85	27	75
324	84	28	76
323	84	29	77
321	84	30	77
320	84	32	77
317	83	33	78
316	84	34	77
316	85	33	78
314	84	35	79
312	87	32	78
310	86	31	79
311	83	27	84
311	83	26	84
312	84	24	84
306	85	26	79
307	82	26	82
304	84	27	79
299	85	32	78
299	84	28	84
296	85	30	84
295	87	29	81
292	85	29	83
290	84	28	82
290	86	25	80
288	86	25	81
287	85	25	83
285	86	25	80
283	86	25	84
279	86	26	86
276	87	27	87
274	87	29	79
269	88	33	79
268	89	32	76
267	87	29	79
264	88	26	83
259	87	29	88
259	90	30	80
257	87	29	89
255	87	28	89
252	88	29	86
252	87	27	86
248	90	28	80
247	87	29	86
245	88	27	89
241	90	28	84
237	90	32	84
234	94	38	78
234	92	32	85
234	91	27	86
233	93	27	79
233	92	24	80
228	94	25	76
225	93	25	78
224	94	26	79
222	93	28	80
220	94	30	80
219	94	30	81
218	94	31	80
216	94	32	79
213	94	34	79
211	94	35	81
209	94	36	80
208	94	37	79
208	93	37	79
207	93	36	80
207	92	35	81
208	93	34	79
208	95	33	80
210	93	31	84
210	94	31	80
212	92	28	84
213	91	26	84
214	92	25	82
215	91	27	84
217	93	25	83
219	92	25	83
220	95	24	78
220	93	26	82
223	94	25	81
225	93	25	74
226	92	26	79
226	93	27	77
225	91	31	86
229	93	28	81
231	94	31	75
232	94	33	85
237	96	25	75
235	94	31	83
234	91	34	86
240	89	27	85
243	90	25	84
246	90	25	84
246	89	26	85
249	90	27	78
251	86	26	88
255	86	26	87
256	89	26	82
259	87	26	86
260	90	27	80
261	88	27	84
262	87	31	80
266	89	29	72
271	90	25	79
270	89	32	77
275	90	24	77
277	89	27	76
279	86	25	83
281	87	26	77
283	86	28	78
285	87	29	78
286	85	32	74
290	86	26	80
290	85	29	78
293	84	29	85
297	86	27	79
300	85	27	82
303	83	26	80
303	84	24	79
304	85	25	74
307	84	24	75
307	84	25	75
311	83	26	75
312	85	28	75
315	85	25	75
317	83	27	75
319	84	27	73
322	86	26	74
324	86	25	76
326	86	24	76
326	86	26	74
329	84	25	76
331	85	25	75
333	85	25	75
335	84	25	75
336	85	27	75
338	85	25	72
342	83	29	77
342	84	28	77
345	85	24	72
345	84	23	74
347	84	23	75
350	83	21	74
353	82	20	73
356	83	22	71
357	84	23	69
359	83	23	70
363	82	22	72
366	81	22	72
367	83	23	71
367	82	26	72
369	82	28	71
369	82	26	69
369	84	29	71
369	80	29	76
369	81	28	74
370	80	29	75
370	82	28	73
370	81	28	73
371	79	29	79
371	81	28	74
372	81	28	74
372	81	29	73
372	80	30	75
373	80	31	73
373	80	31	74
374	81	31	74
375	82	32	73
375	81	31	75
376	82	31	76
376	82	31	76
377	84	31	77
377	85	31	78
378	86	32	78
379	86	32	80
378	86	32	78
378	87	32	78
379	86	32	79
379	86	32	79
379	86	32	78
379	84	32	80
379	84	32	79
378	84	32	81
377	85	32	81
377	86	32	80
378	86	32	80
377	86	32	80
378	84	31	82
376	83	32	84
377	84	31	83
376	83	31	86
376	85	31	83
376	85	31	84
375	90	31	77
377	89	30	78
375	91	30	76
375	92	31	76
376	92	32	80
375	93	33	79
377	93	34	84
375	95	34	79
375	95	34	79
376	93	34	80
376	93	34	81
376	91	34	82
376	90	33	83
376	89	32	84
375	88	32	85
374	89	33	85
373	89	34	85
372	89	34	87
372	87	34	95
372	88	34	93
369	88	36	93
370	88	34	89
369	88	34	89
368	87	34	94
368	87	32	91
366	86	33	92
365	86	35	97
363	87	36	98
364	88	33	94
360	88	35	93
359	88	36	93
357	87	37	95
358	88	36	95
357	86	36	95
357	86	36	96
358	86	35	98
357	88	36	98
355	87	36	97
354	88	36	97
354	88	36	97
353	88	37	97
353	87	38	98
353	86	37	99
352	85	38	99
353	87	38	100
353	85	39	102
354	87	39	102
355	86	38	100
356	86	38	101
356	86	39	102
357	87	39	100
359	88	39	101
360	87	38	101
360	86	39	103
361	86	40	102
365	84	39	106
362	86	41	105
365	83	40	109
364	85	42	105
363	86	42	106
364	85	43	107
364	86	43	106
364	84	43	110
364	85	43	109
365	83	43	111
365	82	43	111
365	83	43	110
366	81	43	111
367	83	44	111
366	81	44	112
367	83	44	111
368	83	44	112
369	82	44	112
368	81	44	113
369	80	45	114
370	78	46	114
370	78	48	115
369	79	48	115
369	78	49	116
369	79	47	115
369	78	47	117
368	78	47	116
368	79	46	116
367	78	46	121
366	76	46	122
365	77	46	123
365	73	47	125
367	71	45	129
367	71	45	128
365	71	46	129
364	71	46	130
363	72	46	128
363	72	46	128
364	71	45	133
361	69	47	134
357	70	51	134
359	71	46	133
358	68	48	137
354	69	51	134
354	69	51	134
353	67	51	132
352	68	51	137
351	69	51	132
350	69	51	131
349	70	51	132
348	69	51	132
349	67	50	133
344	68	53	128
346	64	50	137
345	64	51	138
344	66	49	132
340	65	54	136
342	60	54	151
338	64	56	135
337	64	57	135
337	64	57	135
336	63	58	135
336	62	58	137
336	61	58	136
335	59	59	137
335	58	59	139
335	57	59	142
335	57	57	142
333	57	56	141
332	58	57	141
331	59	57	140
330	59	58	141
328	59	58	139
327	58	59	142
326	57	60	142
324	55	63	143
323	53	64	145
323	54	64	144
322	51	65	147
321	54	66	146
321	56	66	144
319	54	67	146
319	52	67	147
319	48	68	151
319	48	68	151
319	48	68	153
318	44	69	158
316	42	71	160
316	40	71	165
315	38	71	167
315	38	71	171
313	38	72	169
313	39	72	171
310	38	72	170
309	37	72	174
308	36	74	186
307	35	75	200
305	32	78	206
304	31	80	214
303	28	82	215
304	31	80	225
301	29	84	212
301	28	84	219
300	28	85	222
301	27	86	222
302	26	86	224
301	23	88	229
302	21	89	230
301	21	91	230
301	20	91	229
300	18	94	233
300	18	95	233
299	17	96	235
298	15	98	237
297	15	99	236
295	16	100	236
294	13	101	238
292	11	102	240
289	8	104	244
287	5	105	248
286	3	105	249
283	0	108	256
282	5	103	251
