11.0	1.0	37.0	52.0
13	0	38	60
16	5	40	67
19	3	39	79
22	15	40	73
25	27	39	63
30	23	37	68
39	21	34	68
46	21	32	70
54	22	28	72
56	31	28	64
53	29	27	69
50	34	29	71
48	41	31	69
49	47	31	70
48	58	30	68
46	71	29	63
42	79	30	65
27	105	41	58
40	107	44	62
64	114	38	63
46	123	31	55
50	128	33	55
57	132	32	57
64	138	28	57
66	144	32	56
66	138	36	66
69	145	33	63
70	147	32	64
71	144	29	69
69	143	31	71
71	146	30	67
75	147	27	65
75	144	28	69
75	144	29	70
76	146	28	69
76	145	29	69
78	148	31	66
85	143	29	69
92	144	36	66
98	142	37	69
105	137	36	72
111	137	39	70
116	130	36	71
119	129	38	65
120	126	36	65
121	126	35	64
121	127	34	65
115	125	36	75
108	137	34	72
99	149	34	66
92	154	32	67
88	156	31	70
86	161	32	67
85	163	32	67
86	160	33	68
90	153	34	71
96	151	33	69
101	146	32	71
105	144	37	68
113	139	30	68
116	134	34	73
118	145	36	62
122	152	33	54
118	149	35	58
110	140	38	72
107	147	32	67
99	149	34	71
91	156	37	69
86	163	33	69
82	166	32	70
78	172	32	68
76	175	32	69
76	177	29	70
75	179	31	70
77	179	31	70
78	181	33	67
79	176	34	70
82	173	33	73
84	178	34	68
87	174	34	73
89	180	35	68
93	177	32	69
96	171	35	74
103	171	34	72
107	170	31	70
109	170	29	70
108	173	33	66
109	173	32	65
108	173	35	65
111	177	35	60
110	176	37	60
116	173	28	64
109	171	33	68
104	175	37	68
98	180	36	68
93	185	32	67
84	190	29	65
76	196	26	60
65	200	28	56
53	203	27	53
42	207	28	49
33	211	26	45
26	207	28	49
21	208	28	48
20	208	28	48
22	208	30	48
30	210	27	46
2.0703964	6.827797	233.22493	233.29967
8.665298	9.9737625	206.85886	213.38713
11.46479	4.6203995	235.87877	235.64073
1.0366364	5.096588	189.16293	224.87134
0.7658844	9.715019	196.0151	230.32674
1.137764	6.865814	196.86314	229.19312
1.6820221	8.829575	206.1406	224.13925
2.0325165	7.7443085	191.97794	221.19882
-0.70475006	12.534935	193.35103	207.84242
1.85009	11.321915	171.86299	197.13895
4.8403397	20.519012	179.86052	185.81635
2.436699	12.953079	196.01375	203.80502
3.724739	13.251678	201.21324	213.58502
-2.7088776	4.162033	209.49869	213.4913
134	198	33	58
127	202	31	53
121	203	29	52
117	205	26	51
112	202	27	54
109	202	27	54
108	203	27	53
108	204	27	52
109	204	27	52
112	205	27	51
116	202	28	54
118	185	35	71
125	201	34	55
4.391472	17.370613	171.59645	212.41203
144	198	34	55
145	186	39	68
160	186	35	62
176	184	35	62
5.8787155	16.481033	187.23598	218.27066
217	170	23	63
3.8580627	15.60598	217.41315	198.86263
4.3955536	10.597275	197.71994	198.83438
5.6423416	8.130394	223.14024	208.43025
8.058838	14.005852	220.9585	197.37343
231	155	34	62
236	148	30	65
237	142	38	71
239	145	39	68
240	140	41	73
242	150	38	63
242	158	36	56
241	162	36	55
241	167	34	55
230	158	38	77
13.235725	15.827705	222.90111	196.2783
7.1401825	18.284332	246.76236	204.1253
17.408028	18.19654	216.99352	182.09471
204	183	43	72
23.311325	18.765564	224.38126	191.19745
8.498985	11.924454	224.23396	178.46097
173	201	35	54
162	202	35	54
150	205	32	51
141	207	28	49
9.708237	-0.53842163	238.19205	210.41528
122	202	28	53
117	207	28	48
115	201	28	55
114	185	33	70
117	204	31	50
125	200	27	53
131	203	28	50
141	201	27	50
151	201	27	50
159	199	31	54
169	201	33	52
6.660286	10.623856	228.05516	199.45737
4.753792	7.3711014	218.01512	183.01463
8.654869	12.4229355	213.4576	178.18025
4.7319717	19.154198	225.23192	174.23549
16.676544	14.6291275	188.95685	169.46355
8.324005	16.37426	224.49194	183.52492
6.5506973	17.972244	246.90929	191.96872
238	171	33	57
240	170	34	57
241	169	34	58
240	169	35	58
236	167	36	62
9.748596	23.011925	255.82196	211.58174
6.0416183	18.583214	234.40926	202.95064
13.554184	26.224533	209.19199	185.30923
13.650375	29.055252	201.564	182.67984
5.580002	18.155342	217.62027	181.48387
8.842934	10.851379	225.335	187.30511
15.666824	14.910133	234.3558	204.9663
9.257896	11.124992	220.60542	188.17
3.876274	13.169617	219.18349	201.18793
17.723122	13.1085205	234.75249	218.88373
210	115	29	62
213	118	28	59
211	117	34	60
211	116	31	61
210	112	28	64
208	114	28	61
204	119	27	57
11.506775	3.8163605	222.23816	206.31003
196	121	24	59
206	171	34	62
181	126	28	60
207	169	31	63
171	200	35	55
207	168	31	65
212	170	25	61
218	172	21	65
7.5443344	16.112503	209.64723	203.12045
5.3424225	17.172997	228.82462	213.11409
6.146652	15.868134	217.24753	205.02936
3.194641	15.877983	207.11017	205.6725
5.7059937	13.688293	210.53741	207.97961
3.813202	9.942558	202.5387	211.76137
7.3262177	17.534836	213.3176	204.77005
5.9921646	10.34288	202.81334	208.01553
6.118927	14.242104	229.58643	204.09294
7.6246185	9.291763	222.09225	201.14609
151	169	25	35
5.2427673	11.0158615	172.17975	169.83235
6.9580154	16.248398	205.1403	176.06735
8.542366	8.252785	228.86546	200.77196
5.8537827	6.670479	197.2696	181.7498
4.087143	3.0960464	224.77524	228.16191
151	201	31	55
142	201	28	55
134	205	27	50
127	205	27	50
122	206	26	50
117	206	28	50
115	206	30	49
115	206	30	49
116	205	29	50
118	206	27	50
122	207	26	49
126	207	25	49
129	205	28	51
134	207	27	49
139	203	29	53
145	203	32	53
153	201	33	53
160	199	35	53
167	191	35	59
201	170	35	64
205	169	29	65
208	172	27	59
195	172	40	65
192	169	43	64
193	166	43	65
194	164	40	66
5.7606583	4.620369	245.57951	216.01482
1.6673965	7.187271	185.38457	166.73782
4.258499	8.021843	167.4526	158.71144
190	161	38	65
185	160	38	61
179	163	34	60
169	165	37	60
162	173	35	55
153	177	34	54
145	180	31	53
136	181	31	55
127	183	32	55
120	176	34	65
116	168	37	75
115	189	34	56
116	189	33	56
119	178	34	66
125	186	32	55
133	185	30	55
139	183	32	55
146	180	31	54
151	174	34	57
156	166	36	60
164	159	35	62
171	160	36	56
177	154	32	56
181	142	35	61
4.061096	4.1545563	219.81909	218.97421
198	120	21	71
203	119	23	63
203	111	29	65
203	109	35	62
205	105	38	65
209	102	29	66
211	103	30	64
211	105	37	61
215	104	31	61
215	101	35	61
216	93	36	65
215	86	38	69
226	88	25	67
224	94	37	62
227	97	36	61
228	96	37	63
228	104	35	56
227	97	31	64
222	103	36	58
222	101	30	60
216	100	33	60
210	105	33	55
201	107	35	54
193	107	35	57
184	115	34	53
174	111	34	60
167	123	29	51
158	115	30	64
151	130	29	55
145	132	28	58
138	129	34	63
130	122	41	80
134	142	35	65
138	156	32	56
141	161	31	55
143	166	29	55
145	169	31	56
146	171	32	57
148	177	33	56
150	180	35	57
153	181	34	61
155	183	39	62
161	185	38	61
166	182	38	63
170	179	38	65
205	159	33	67
205	159	34	68
204	159	35	81
195	166	38	89
200	163	33	74
-0.42121124	102.419304	171.69948	98.74452
197	163	42	77
197	162	39	79
197	162	42	92
213	163	23	61
1.9906311	85.97502	181.66052	107.10214
4.811653	81.83388	188.49669	65.44332
5.71389	80.65584	207.2646	61.17045
4.0461807	77.39371	223.04033	70.1455
4.902939	75.40744	231.96634	78.111084
202	159	30	65
202	158	29	65
201	158	31	65
201	158	30	63
4.739006	60.73707	249.9452	90.48222
200	159	34	64
2.7337341	60.719627	250.05353	95.44356
3.3482056	60.325237	240.61139	90.617775
201	93	28	63
0.23627472	59.622116	207.43352	91.54648
-1.1055984	58.21665	214.17403	93.83587
-3.7577667	71.94847	194.4479	120.59945
-2.267189	67.010605	216.81868	119.23
-0.753685	56.580982	190.2816	94.98763
3.1468887	59.33827	190.59718	105.865456
-2.7126617	53.05736	213.89438	112.97817
-0.6867447	56.681087	209.08974	106.493355
-1.2467422	58.36802	206.8041	114.29979
-3.788971	66.183525	220.93347	122.819046
224	151	29	68
202	161	32	64
203	159	42	65
202	161	34	65
-1.5940628	53.803143	247.2206	85.03251
210	165	21	59
1.8416214	50.66306	248.40709	85.05279
0.397995	47.913685	251.93015	81.42074
0.17517853	44.773666	253.58708	85.90201
4.4917984	43.52418	253.28316	85.357155
3.389122	41.57299	251.02278	87.36397
200	155	31	63
2.6280212	42.472404	253.31653	88.83565
203	161	30	62
4.535858	47.086708	250.4574	88.463425
205	159	27	62
172	155	34	62
177	154	35	60
181	148	41	64
186	147	46	67
192	148	40	68
-1.3148804	53.365005	215.63397	109.74832
2.5496368	47.05975	199.68216	80.89423
209	143	32	67
217	137	32	65
216	133	38	65
218	132	38	64
219	132	38	66
216	134	40	66
218	140	34	64
216	145	34	62
203	149	41	65
207	141	33	78
194	148	44	70
193	155	37	64
3.383232	43.795273	230.81795	91.23544
180	159	43	66
170	162	42	62
166	165	34	60
159	166	32	58
153	153	36	72
149	146	38	79
147	154	34	70
147	154	31	69
146	157	30	66
147	154	31	67
149	160	32	61
153	162	30	60
154	164	30	59
158	172	30	55
159	174	32	54
3.3240814	49.340374	215.82584	93.748146
166	176	35	62
1.8628464	50.742416	210.94783	132.405
3.2289352	50.862316	202.96858	109.56382
182	169	37	85
189	178	44	77
9.0987015	56.413452	227.80241	140.11981
197	153	54	103
219	145	27	69
221	136	32	70
219	128	42	71
218	119	44	71
217	112	47	73
220	107	37	73
214	106	44	68
212	101	41	65
206	99	43	64
202	95	40	66
199	97	39	64
199	102	31	61
194	100	36	63
194	99	32	65
194	101	30	65
193	104	31	67
0.33992767	46.48733	216.99397	127.92817
3.6309662	48.723656	221.5994	145.80794
-1.3656845	46.734978	223.52214	138.00716
173	134	31	63
167	141	34	61
160	144	36	61
155	142	38	65
150	142	39	65
145	144	36	62
140	138	36	70
141	147	31	58
139	149	31	55
139	145	30	57
138	148	32	53
140	146	28	55
140	149	28	55
139	156	31	51
140	155	29	58
139	160	32	59
139	155	35	71
140	155	37	78
147	178	38	59
155	177	35	61
184	158	35	75
197	160	21	59
-1.2319717	68.75101	199.89815	139.96722
2.5142899	72.66373	202.37346	155.04242
2.1267319	77.033226	191.6822	153.43398
0.6046753	75.43421	222.46118	155.61931
-1.0479889	74.61186	171.6771	151.36221
-3.308197	76.72867	231.1529	145.55804
-2.1404724	71.52781	207.3023	143.91533
0.08909607	71.76832	173.82864	139.38377
2.417595	74.32163	240.21321	126.211044
-0.10066223	68.90178	230.7341	124.58146
149	144	22	40
153	137	28	39
3.0068283	63.29449	230.81789	102.266426
4.337944	57.79642	228.12788	103.89367
0.55514526	56.228603	234.6709	102.82337
4.8200684	60.656357	228.40778	101.21915
6.733116	53.36358	195.06215	68.90828
0.23854065	50.82386	208.90396	59.27562
3.7024155	48.451664	226.63087	72.2691
1.5131836	53.10638	235.88226	81.414375
206	86	32	60
199	97	43	66
6.7124176	64.101105	230.07785	106.845955
1.2340469	65.6902	228.97972	118.04191
-2.7655487	66.40366	226.00143	162.192
-3.888565	78.384285	200.7745	146.59862
-7.82222	16.309708	178.6235	217.07065
-12.340363	21.234818	180.00134	217.75241
