294.0	125.0	60.0	95.0
300	124	63	92
307	126	61	91
313	128	62	90
322	130	61	91
334	131	52	88
350	132	43	87
359	130	49	89
367	129	49	90
368	127	56	91
372	126	56	91
379	127	56	89
384	128	61	88
391	130	59	89
402	132	52	87
420	132	40	87
432	132	36	88
434	132	43	88
436	130	50	89
435	130	64	91
444	130	65	90
450	131	59	89
459	135	52	87
460	135	52	87
457	135	52	87
454	136	54	85
449	138	49	85
434	136	54	86
418	132	55	88
408	130	56	86
395	130	55	83
381	131	60	81
378	132	55	80
368	132	52	81
360	133	44	83
354	133	38	83
344	132	38	84
331	135	44	80
318	135	46	81
306	136	52	82
295	137	56	83
284	139	59	85
282	142	50	85
275	143	50	82
272	143	48	82
272	144	45	80
270	145	37	84
265	142	38	83
253	140	52	84
253	141	46	82
247	141	50	82
245	142	50	81
247	144	45	80
251	145	39	79
257	144	30	80
251	143	35	80
247	142	41	83
240	142	50	81
236	142	52	82
236	143	54	81
236	147	52	79
239	151	52	80
240	152	48	78
247	153	45	77
254	154	41	78
254	155	42	79
253	155	44	81
249	160	47	81
256	166	42	77
254	169	44	77
254	172	47	78
264	174	39	78
274	178	31	76
281	190	26	66
281	183	29	72
281	181	35	74
281	179	41	75
285	178	43	76
288	176	46	75
293	173	46	76
298	174	42	75
307	175	41	74
315	174	41	74
325	170	38	75
328	164	39	75
329	159	41	77
334	153	40	78
336	147	40	74
340	142	41	72
345	137	38	73
353	132	31	74
354	126	29	73
356	119	25	73
351	108	29	73
342	97	35	76
335	90	39	76
327	88	42	73
320	89	43	71
313	89	43	72
305	90	40	71
299	89	40	71
294	90	40	69
292	89	37	71
282	88	38	71
274	87	38	73
266	86	37	71
258	86	37	69
254	84	34	70
248	86	32	68
244	92	27	66
238	90	28	71
233	87	27	68
229	88	25	73
225	87	27	69
220	84	32	69
227	88	29	62
223	86	39	64
228	86	36	67
232	87	34	66
239	88	32	66
244	88	33	66
251	88	31	66
254	89	31	67
257	87	32	68
260	87	32	66
263	87	32	65
267	88	31	64
271	90	30	64
277	90	27	64
283	95	24	65
288	92	22	64
290	90	24	68
291	90	28	66
298	91	24	62
294	89	32	63
298	88	33	63
304	90	31	63
307	91	32	63
315	92	31	62
322	91	28	62
324	91	29	63
326	90	29	64
329	88	30	65
332	88	30	64
335	87	30	62
337	89	30	61
342	90	28	62
350	92	20	61
351	92	23	61
355	91	22	61
357	90	22	62
358	88	26	63
359	88	28	63
360	83	39	67
366	89	28	58
367	89	30	60
374	90	27	60
378	91	26	59
384	91	26	58
386	91	28	60
388	88	28	62
391	88	27	61
394	88	27	62
396	88	28	59
399	88	25	58
401	89	25	59
404	86	24	61
407	86	23	62
409	84	21	63
412	81	21	65
413	84	25	66
418	86	22	60
417	84	24	60
408	87	29	57
406	87	27	56
403	87	26	56
401	90	22	54
390	88	28	55
383	88	31	54
380	87	28	55
374	83	30	60
373	84	27	57
368	84	26	54
363	85	27	54
362	85	24	53
360	88	22	52
359	87	22	53
360	87	21	54
362	87	21	57
363	85	21	55
363	85	23	56
366	84	24	55
370	82	24	55
376	90	19	48
377	87	21	55
379	87	24	52
381	87	24	53
382	86	24	53
384	85	24	54
386	85	23	55
388	84	24	55
390	84	23	52
392	84	22	52
395	85	21	52
398	87	19	55
397	87	21	51
401	89	18	52
402	86	19	51
403	84	21	54
404	83	21	54
406	82	21	54
407	83	21	52
409	84	21	50
411	85	22	50
414	85	21	50
413	86	22	50
414	86	22	51
416	84	23	51
417	80	21	57
418	83	21	51
420	82	21	50
421	83	20	49
422	84	20	49
423	85	20	49
425	85	19	49
426	82	21	54
428	83	20	54
429	82	20	52
430	83	18	51
431	81	19	49
433	82	23	48
435	83	19	49
437	85	18	50
439	85	17	50
438	84	21	47
439	84	18	50
440	82	21	52
440	82	20	50
441	81	20	49
443	81	19	46
442	81	19	47
443	82	19	46
443	83	19	46
442	83	18	46
442	83	18	46
442	83	20	49
442	81	18	49
441	82	18	48
438	81	18	47
436	80	19	48
435	81	18	48
434	82	17	47
432	82	18	47
429	82	19	45
429	82	18	47
427	80	19	49
424	79	19	48
423	78	18	46
422	78	18	48
419	78	18	48
417	78	18	50
416	81	17	45
412	79	19	50
410	80	18	48
407	79	18	47
404	78	17	46
401	77	18	48
398	77	18	50
396	77	16	46
393	78	17	45
390	78	18	47
387	78	18	44
385	79	17	45
381	78	18	44
379	77	18	46
377	76	17	44
375	75	17	47
374	76	15	44
371	75	16	42
369	75	17	44
368	76	16	41
367	77	16	43
366	76	17	45
365	76	16	42
365	75	16	43
365	74	16	43
365	73	16	43
364	73	16	42
365	74	16	42
364	73	16	42
364	74	17	43
363	74	17	40
361	74	17	40
361	74	16	42
361	73	16	42
361	72	16	45
360	72	17	43
359	72	16	40
359	71	17	43
358	71	17	43
358	73	16	41
357	72	16	42
357	72	16	41
357	72	16	42
357	71	16	42
356	70	16	42
357	71	15	40
357	71	14	40
357	72	14	40
355	71	17	38
356	72	15	41
355	71	16	42
355	71	15	41
354	70	15	41
354	69	15	41
354	69	14	41
354	69	14	39
354	71	13	38
354	71	13	38
353	70	14	40
352	70	15	42
353	71	14	38
353	69	14	41
353	69	14	40
352	67	15	41
352	66	17	42
352	67	16	37
353	68	15	38
354	69	14	39
354	69	14	40
354	68	15	40
354	67	15	40
354	67	15	39
355	65	15	40
355	65	14	40
355	65	15	38
355	64	15	38
355	65	14	39
355	65	15	40
355	66	15	38
354	66	15	38
354	65	15	38
353	64	15	38
352	63	15	40
351	62	15	39
350	61	15	36
349	62	15	36
349	62	15	35
348	63	15	36
347	64	14	36
346	63	14	36
345	62	15	40
345	61	14	39
343	61	14	38
343	60	14	36
342	60	13	35
342	61	14	36
341	61	14	35
340	62	14	34
341	62	15	37
341	60	14	36
341	60	17	37
344	59	15	37
346	58	15	37
347	58	15	36
348	58	15	36
348	59	15	34
349	59	15	35
351	60	14	35
352	59	13	35
352	59	13	35
352	58	14	36
352	57	13	37
352	58	14	35
352	57	13	35
352	57	13	34
352	57	13	34
351	58	14	34
351	58	14	35
350	58	14	34
349	57	15	35
348	55	14	36
347	55	14	37
346	55	14	34
345	54	14	34
344	55	15	38
343	56	15	37
342	57	13	38
341	55	12	36
340	56	12	34
339	54	12	35
337	54	14	34
336	52	14	36
334	53	14	34
332	54	14	33
332	54	14	33
331	54	13	33
329	55	12	32
328	54	13	33
327	53	14	37
326	52	14	39
322	52	15	34
322	51	14	34
322	52	14	33
321	52	14	33
319	53	13	32
318	53	13	31
317	52	12	32
316	51	11	33
315	51	12	33
314	53	12	30
311	50	15	33
311	52	12	29
309	51	13	31
307	50	14	33
306	51	12	32
305	51	11	32
304	51	11	32
302	50	13	33
301	50	13	32
299	49	13	33
298	49	13	31
296	48	13	31
295	50	13	29
294	49	13	31
293	51	12	30
290	48	12	31
289	48	12	31
289	49	11	30
287	48	12	30
284	46	14	32
283	47	14	31
279	46	15	30
278	46	13	30
277	46	13	31
276	45	12	31
276	49	11	28
273	45	13	31
272	45	13	32
271	44	12	32
269	43	13	31
267	44	14	30
266	44	13	30
264	44	13	31
264	43	13	34
262	43	12	36
261	43	11	29
260	43	11	32
258	43	12	31
256	41	14	33
253	41	16	34
252	42	15	31
251	41	12	31
249	42	14	30
247	42	13	30
246	42	12	29
246	41	11	31
244	40	12	30
243	40	12	31
240	39	12	31
240	39	13	30
238	39	13	31
237	40	12	30
235	39	11	31
233	41	12	29
232	43	10	29
229	42	10	29
226	41	12	31
223	42	12	29
218	41	15	31
216	41	15	29
215	42	12	30
213	44	11	29
210	43	13	29
208	44	12	28
205	44	12	29
202	43	13	30
199	43	13	30
188	43	13	35
195	45	13	30
191	47	13	30
189	51	13	30
182	54	14	35
185	57	13	30
181	58	14	31
178	59	13	35
176	61	14	34
174	62	16	33
172	63	16	33
171	65	14	34
169	65	15	34
168	67	14	31
167	67	11	30
166	66	11	31
165	66	11	30
164	65	12	31
163	64	12	31
160	63	13	32
158	62	14	32
158	62	14	32
156	62	14	31
154	62	14	31
154	62	13	31
153	63	13	32
154	65	10	29
153	63	10	30
150	62	13	32
147	61	15	32
148	62	13	32
147	62	13	31
147	62	13	30
146	63	13	29
145	63	10	30
133	61	12	29
131	60	11	29
129	60	12	28
128	59	12	28
127	59	12	28
124	59	12	28
123	59	12	28
121	61	10	27
119	61	11	27
118	60	10	27
117	59	10	27
115	59	12	28
116	58	13	28
116	57	17	30
120	56	21	32
133	59	14	26
156.46594	56.78126	16.803194	31.96311
149	59	14	30
177.92325	58.16854	13.347725	30.935593
169	61	10	26
173	59	13	28
181	57	13	30
190	58	14	28
197	56	15	31
204	56	16	30
210	56	16	31
219	57	14	31
225	58	12	28
241	60	11	28
237	57	12	29
242	58	13	24
249	56	15	26
254	57	16	26
260	57	16	26
266	58	14	26
270	56	16	27
275	57	14	26
280	59	11	25
281	56	12	27
287	58	11	26
291	55	12	28
297	55	11	28
302	55	12	27
306	55	15	28
311	58	13	25
316	57	12	26
321	57	11	26
325	58	9	26
329	57	9	25
331	56	12	27
335	57	12	26
336	55	15	28
339	55	16	26
342	55	16	27
345	56	16	26
350	57	10	25
351	58	11	25
353	57	12	25
354	57	14	26
358	56	13	26
361	55	14	28
365	54	14	29
367	54	14	28
370	55	14	27
374	55	12	25
378	55	10	25
383	56	9	26
387	56	8	22
388	54	11	26
391	54	13	27
395	53	14	26
396	53	18	26
401	54	12	26
406	54	10	25
410	54	9	27
412	54	11	28
413	53	11	28
415	53	13	28
416	52	14	29
419	52	15	28
418	53	17	25
418	53	16	26
422	53	14	25
423	52	13	27
425	52	11	27
428	53	9	27
432	53	9	25
434	53	10	25
435	50	14	28
437	51	15	27
437	52	17	24
439	51	15	26
441	49	16	26
445	50	14	26
447	51	12	25
448	51	11	24
448	51	12	25
449	51	12	25
446	48	13	27
445	49	14	26
441	49	15	25
438	49	15	26
435	49	13	26
430	50	11	25
425	52	9	24
419	52	10	24
415	52	10	24
412	50	11	25
407	48	15	26
405	48	17	25
405	47	14	25
404	48	12	23
401	48	14	24
400	47	13	24
397	48	11	25
394	46	12	25
392	45	14	25
389	45	15	26
389	44	14	28
386	44	15	28
384	46	14	27
384	46	10	25
381	46	10	26
381	46	9	24
380	46	8	23
377	45	10	24
375	44	12	25
372	43	15	26
369	44	17	24
366	43	16	24
364	43	16	24
364	44	14	24
362	44	13	23
358	44	11	24
355	44	13	24
354	43	11	25
349	43	13	23
347	44	15	23
342	44	16	22
341	46	12	23
339	48	8	24
337	50	9	24
335	54	9	24
332	56	10	23
329	57	12	24
327	59	12	25
322	61	16	25
317	60	18	26
317	62	14	25
314	63	16	26
312	66	14	25
309	68	10	25
306	71	12	25
303	72	14	27
302	77	11	23
299	79	13	25
297	80	14	24
295	81	14	25
293	81	11	24
292	80	10	26
289	82	12	23
289	81	7	24
286	80	8	24
284	79	10	24
283	78	10	25
280	78	11	25
276	78	16	24
276	79	11	23
275	78	9	23
272	78	9	24
271	78	8	24
267	78	10	24
264	77	11	24
263	77	11	24
262	77	11	23
258	76	13	23
256	76	15	23
256	76	10	23
253	76	10	24
251	76	9	24
249	75	10	24
247	76	10	24
246	75	10	25
244	74	11	24
241	72	15	25
236	72	18	25
234	71	17	26
235	72	9	24
233	70	13	25
231	70	11	24
229	68	11	26
226	64	14	30
225	67	12	25
223	66	13	25
220	64	14	25
221	66	10	24
218	67	9	24
216	68	8	23
215	68	7	23
212	67	9	22
210	67	8	23
207	65	10	24
206	64	10	24
204	63	12	24
202	63	12	23
196	58	17	28
196	60	13	27
195	58	15	28
193	61	13	24
192	63	8	23
190	61	10	23
187	59	12	24
184	57	14	25
185	57	12	24
181	58	16	22
179	55	15	24
177	51	15	26
176	51	13	26
175	54	9	22
173	53	9	23
168	53	13	23
167	52	13	24
167	50	13	25
164	49	13	24
162	48	13	24
160	48	14	25
160	49	13	25
157	50	10	23
156	50	10	24
154	50	9	25
152	50	10	20
148	49	12	22
146	50	12	23
139.03273	47.707733	37.12493	40.252716
119.26851	32.210384	72.49222	76.21252
180	50	9	22
180	52	9	21
180	52	8	21
179	54	10	20
179	53	10	21
180	54	9	22
179	52	12	24
182	52	10	25
183	53	9	23
185	54	10	22
232.35255	59.04322	11.561968	28.639692
233.17938	58.34076	13.090059	27.725433
192	54	10	22
235.69633	59.009567	16.966959	26.347075
239.72694	60.192932	12.665507	24.849361
243.93338	60.552532	13.588938	24.992043
249.59207	60.42278	11.807311	24.477304
254.25107	60.60979	10.853704	24.443369
247	53	6	11
229	55	9	21
259	58	12	26
262	59	10	25
262	59	13	24
266	59	12	24
269	58	10	25
273	59	9	25
275	60	10	24
280	59	9	25
284	60	8	24
286	59	10	24
288	57	12	26
291	57	13	26
292	55	15	27
293	56	17	27
297	58	11	26
299	57	12	26
301	59	11	25
303	56	11	27
300	57	15	27
304	56	12	27
304	56	14	27
305	56	13	26
308	56	12	26
306	55	14	27
308	56	10	26
308	57	11	25
307	57	10	25
307	56	11	26
308	56	12	26
307	55	13	27
308	54	14	28
307	55	13	26
333	55	12	22
336	54	11	23
336	56	13	21
339	56	12	21
341	55	13	22
345	56	12	21
346	55	13	22
348	55	13	22
350	55	13	22
353	55	12	23
355	56	12	21
357	56	12	21
359	56	12	22
361	56	12	21
362	55	12	24
365	56	12	23
367	55	12	22
369	55	12	22
371	56	12	22
373	56	12	23
374	56	12	22
375	56	12	22
378	56	11	22
380	56	12	22
381	56	13	22
383	57	13	22
386	57	12	21
389	55	12	24
391	56	12	22
393	55	14	25
396	56	12	22
399	54	14	27
402	55	12	22
407	54	12	26
407	56	12	22
411	56	12	23
414	57	12	23
415	56	13	23
419	55	13	23
423	56	13	23
427	57	12	22
430	56	13	23
434	57	11	22
437	57	12	22
440	57	12	22
443	57	12	22
446	57	12	22
450	57	13	22
453	57	12	22
456	57	13	22
460	57	12	21
463	56	12	23
465	57	12	22
469	56	12	22
471	57	12	22
475	57	12	22
478	56	12	24
481	57	11	23
482	57	12	23
484	57	12	22
485	57	12	22
487	57	12	24
488	56	13	25
488	56	14	25
488	56	17	25
492	57	12	23
491	56	13	24
493	57	13	22
495	56	12	24
494	58	14	23
489	57	17	28
489	55	21	36
500	49	12	33
380.74847	29.671577	152.54951	140.1747
500	21	12	66
496	4	16	51
200.1573	148.04999	65.29818	83.86519
212.7937	153.56932	63.87323	78.37899
228.65434	153.18532	57.90078	77.69046
242.69011	160.38712	50.49716	69.02217
225.87991	150.44131	60.825188	78.916214
218.97285	148.73935	67.015495	86.33477
236.47845	153.20233	57.960396	79.12324
233.9093	151.77455	61.438225	82.07368
250.58476	157.99309	54.309235	71.68093
244.90504	149.49965	58.75284	82.398964
238.9443	148.79324	63.309578	84.24068
239.30815	149.17932	58.65627	84.75892
248.97421	149.94348	62.695377	83.15448
433	67	8	30
246.2144	147.45918	57.472317	85.22769
400	59	9	26
403	58	8	26
405	56	9	28
384	45	13	27
385	46	13	25
386	46	11	26
387	48	10	23
390	48	9	24
390	48	9	24
391	48	10	24
392	47	9	25
394	46	10	26
395	46	11	26
396	46	12	25
397	46	13	25
398	46	12	24
400	47	9	22
401	47	8	23
402	47	9	24
403	46	8	24
403	46	9	24
404	46	10	24
405	42	10	28
405	22	15	44
404	43	16	25
405	45	14	25
408	44	8	25
410	46	8	24
410	47	8	23
409	46	10	24
409	45	11	24
412	44	9	23
413	45	10	23
414	45	11	23
415	44	11	23
417	45	10	21
418	45	8	22
419	45	9	23
334.62958	142.0318	97.75511	97.19617
358.0497	152.49718	71.75873	81.20719
419	42	12	26
421	41	11	26
422	40	11	27
420	41	11	27
421	41	9	27
420	41	10	27
420	42	10	25
419	43	10	25
416	41	10	26
416	41	9	25
413	41	9	24
318.57635	139.87291	111.04044	99.07462
409	42	11	24
407	41	13	24
407	43	9	22
405	43	7	22
403	43	7	22
246.89407	186.97818	24.089098	38.335403
397	41	9	23
395	40	10	24
394	40	10	24
391	40	13	24
389	40	12	23
387	41	10	23
387	41	8	22
385	40	8	24
383	40	9	24
379	40	12	24
377	38	12	25
377	38	11	25
374	39	14	24
371	40	16	23
372	39	12	23
371	39	8	23
369	39	8	23
367	39	9	23
366	39	7	22
365	39	8	22
364	38	10	24
348	34	14	26
350	35	13	25
351	33	10	27
352	33	9	27
353	35	10	25
351	34	9	26
347	33	10	27
345	33	11	27
355	35	9	26
354	34	9	27
349	35	13	25
349	35	11	25
346	34	10	25
343	35	11	25
341	34	10	26
340	33	10	27
339	35	10	25
338	34	11	26
337	34	10	25
334	35	11	24
332	35	13	25
329	36	16	24
330	35	13	24
328	34	15	26
327	35	16	26
323	34	17	27
323	35	12	24
322	33	13	27
321	33	13	27
326	34	8	25
