340.0	141.0	20.0	21.0
340	141	21	21
340	141	21	21
340	141	21	21
340	141	21	22
340	141	21	22
340	141	21	22
340	141	21	19
340	141	21	22
340	141	21	22
340	141	21	22
339	141	22	22
339	141	20	18
340	141	21	17
340	141	21	22
340	141	21	22
340	141	21	22
340	141	21	22
340	141	21	22
340	141	21	22
340	141	21	22
340	140	21	23
340	141	21	21
341	141	20	21
340	141	21	21
340	141	21	21
340	140	21	23
340	141	21	22
339	141	22	22
340	141	21	22
340	141	21	21
340	141	21	21
340	141	21	22
340	141	21	22
340	141	21	22
339	141	21	19
340	141	21	22
340	141	21	22
340	141	21	22
340	141	21	22
340	141	21	22
340	141	21	22
340	141	21	22
340	141	21	22
340	141	21	21
340	141	21	22
340	141	21	22
340	141	21	21
340	141	21	22
342	141	20	19
345	141	21	20
348	140	21	19
351	140	21	21
353	140	21	19
355	140	21	19
359	140	22	19
361	139	23	19
363	139	22	19
367	139	22	20
370	139	21	19
372	139	21	19
375	138	21	20
377	137	21	20
379	137	21	20
380	137	22	19
382	138	23	20
385	137	22	23
387	137	22	19
389	137	22	19
391	136	23	20
392	137	22	19
414	144	22	22
414	144	22	22
414	144	22	20
415	144	21	22
414	145	21	20
414	144	21	20
414	145	21	20
414	145	21	19
414	145	21	19
414	146	21	20
414	145	22	18
414	145	21	19
413	145	22	19
413	144	22	19
413	145	21	20
413	145	21	19
413	145	21	19
414	145	22	21
414	145	22	21
413	145	22	22
413	145	22	22
414	145	21	22
413	145	21	20
413	144	22	22
414	145	21	22
414	145	21	21
413	144	22	23
412	144	23	23
413	144	21	20
413	144	21	20
413	144	22	21
413	144	23	23
413	144	22	23
413	145	22	22
413	144	23	22
413	144	22	23
413	144	23	22
413	144	23	23
413	144	22	22
413	144	22	22
413	144	22	23
413	144	22	22
414	144	21	22
413	144	22	21
413	144	22	21
414	144	21	23
413	144	23	23
413	144	22	23
413	144	22	23
413	144	23	22
414	144	21	22
413	144	22	22
413	144	22	21
413	144	23	22
413	144	22	21
413	144	22	23
413	144	23	22
413	144	22	21
414	144	21	22
414	144	22	21
413	144	23	23
413	144	23	23
413	144	22	23
412	144	24	23
413	144	23	23
413	144	23	23
413	144	22	22
413	144	23	23
414	144	21	22
413	144	23	21
413	144	22	23
413	144	22	22
413	144	22	22
413	144	23	23
414	144	21	22
413	144	22	21
413	144	22	23
413	144	23	23
413	144	23	23
413	144	23	23
413	144	23	23
413	144	23	23
413	144	22	23
414	145	21	21
413	144	23	23
413	144	22	22
413	144	23	23
414	143	22	23
413	144	22	21
431	123	22	22
420	124	21	21
407	129	23	23
398	128	21	21
319.4827	133.23651	20.592363	19.60454
381	130	22	22
379	130	22	23
377	133	22	22
372	132	23	24
370	133	22	22
336	125	20	20
319	133	23	22
320	132	23	22
320	128	21	25
339	136	21	21
313	127	20	20
332	137	23	23
329	138	22	21
327	139	21	23
324	140	22	22
320	140	22	23
317	141	22	22
294	155	22	23
304	153	22	23
314	151	22	23
324	149	22	23
302	145	21	22
298	146	23	23
295	147	23	23
292	148	22	23
289	149	22	22
286	150	22	23
283	150	23	24
279	151	22	23
277	152	22	23
274	153	22	23
270	152	22	24
268	154	22	23
265	155	23	24
261	155	22	23
259	156	23	25
256	158	23	24
253	158	23	24
226	164	24	24
228	164	24	23
249	159	23	24
223	163	23	24
221	163	23	24
218	163	23	24
216	162	23	24
214	163	23	24
212	162	23	24
211	163	23	23
209	161	23	24
207	163	23	23
205	162	23	24
204	162	23	24
203	163	22	24
201	162	23	24
199	162	22	23
197	161	23	24
196	162	23	25
195	161	23	24
193	162	22	24
191	161	23	24
190	161	23	24
189	161	23	24
188	161	23	24
187	162	23	24
186	161	23	24
184	161	23	24
183	161	23	24
182	162	24	25
182	161	23	25
180	162	23	23
179	162	23	25
179	163	23	23
178	162	23	24
177	161	23	25
176	162	23	24
176	162	23	24
175	161	23	24
174	162	23	24
174	161	23	24
174	162	23	24
173	162	23	24
173	162	23	24
172	162	23	24
171	161	23	24
172	162	23	23
171	162	23	24
172	162	22	23
172	162	23	23
172	162	23	23
173	163	22	23
172	162	23	24
173	163	22	22
173	163	23	23
174	163	22	22
174	163	21	23
173	162	23	23
174	163	22	23
174	162	23	24
174	163	22	22
174	163	22	23
174	163	22	22
174	162	22	24
174	163	22	22
174	163	22	22
174	163	22	23
174	163	22	23
174	162	22	23
174	163	22	22
174	163	22	23
174	162	23	24
174	163	22	23
174	163	22	23
174	163	22	23
174	163	22	23
174	163	22	23
174	163	22	23
174	163	21	22
174	163	22	23
174	163	22	23
174	163	22	23
174	163	22	22
174	163	22	22
174	164	22	22
174	163	22	23
174	163	22	23
174	163	22	23
174	163	22	23
174	163	22	23
174	163	22	23
174	163	22	23
174	163	22	22
174	163	22	22
174	163	22	23
174	163	22	23
174	163	22	23
174	163	22	23
174	162	22	23
174	163	22	23
174	163	22	23
174	163	22	22
174	164	22	22
174	163	22	22
174	163	22	22
174	163	22	23
174	163	22	23
174	163	22	23
174	162	22	23
174	162	22	24
174	164	22	22
174	163	22	23
174	163	22	23
174	163	22	23
174	163	22	23
174	163	22	23
174	163	22	23
174	163	22	23
174	162	22	23
174	163	22	23
174	163	22	23
174	163	22	23
174	163	22	22
174	163	22	23
174	162	22	23
174	163	22	22
174	163	22	23
174	163	22	23
174	163	22	23
174	163	22	23
174	162	22	24
174	163	22	23
174	164	22	22
174	163	22	22
174	163	22	23
174	163	22	23
174	163	22	23
174	163	22	22
174	163	22	22
174	163	22	23
174	163	22	23
174	163	22	22
174	162	22	23
174	163	22	22
174	163	22	22
174	163	22	23
174	163	22	23
174	163	22	23
174	163	22	23
174	163	22	23
174	163	22	23
174	163	22	23
174	162	22	23
174	163	22	22
174	163	22	22
174	164	22	22
174	163	22	23
174	163	22	23
174	163	22	23
174	163	22	23
174	163	22	23
174	163	22	23
174	162	22	23
174	164	22	22
174	163	22	23
174	163	22	23
174	163	22	23
174	163	22	23
174	163	22	23
174	163	22	22
174	163	21	22
174	163	22	23
174	163	22	23
174	162	22	23
174	162	22	23
174	163	22	23
174	163	22	23
174	163	22	22
174	162	22	24
174	163	22	22
174	162	22	24
174	162	22	23
174	163	22	23
174	163	22	22
174	162	22	23
174	163	22	22
174	163	22	23
174	163	22	23
174	163	22	23
174	163	22	22
174	163	22	22
174	163	22	23
174	163	22	23
174	162	22	24
174	163	22	23
174	162	22	24
174	163	22	22
174	163	22	23
174	163	22	22
174	163	22	22
174	163	22	22
174	163	22	23
174	163	22	23
174	163	22	22
174	162	22	23
174	163	22	22
174	163	22	23
173	162	23	24
174	163	22	22
174	163	22	23
174	163	22	23
174	163	22	22
174	162	22	24
174	164	21	22
174	163	22	22
174	163	22	23
174	163	22	22
174	163	22	22
174	163	22	23
174	163	22	23
174	163	22	23
174	163	23	23
174	163	22	23
174	163	22	23
174	163	22	23
174	163	22	23
174	163	22	22
174	162	22	23
174	164	22	22
174	163	22	23
174	163	22	22
174	162	22	23
174	163	22	23
174	163	22	23
174	162	22	23
174	163	22	23
174	163	22	22
174	163	22	22
174	163	22	22
174	163	22	23
174	163	22	23
174	163	22	22
174	164	22	22
174	163	22	22
174	163	22	23
174	163	22	23
174	163	22	22
