116.0	98.0	92.0	50.0
115	97	93	49
114	97	93	49
115	96	93	50
116	96	93	49
117	98	93	49
125	97	87	50
127	100	91	47
126	100	93	50
120	103	94	48
123	93	92	56
128	85	94	60
129	79	93	57
136	79	98	54
121	80	117	54
121	78	121	62
115	75	120	68
123	99	83	48
119	98	91	49
125	98	88	50
124	95	92	52
129	98	88	50
131	96	90	51
134	85	98	61
162	66	93	54
144	79	111	62
153	84	99	54
156	88	92	56
149	85	101	67
142	108	94	50
135	117	93	49
126	122	94	49
117	127	96	51
114	128	95	51
112	122	93	56
111	123	90	54
107	127	93	51
106	127	92	51
105	127	92	51
108	129	90	51
105	130	93	50
111	128	88	52
109	127	94	52
113	126	93	50
117	119	95	56
117	120	94	50
125	107	110	61
127	100	112	65
130	99	108	62
134	95	104	63
139	96	98	59
140	98	94	56
141	99	93	55
140	92	93	59
140	89	95	61
142	90	93	59
137	93	96	57
136	95	96	58
135	97	95	56
134	98	96	54
142	88	89	60
143	87	90	61
142	87	91	60
137	83	96	62
138	80	95	64
139	79	95	66
136	82	98	66
134	82	99	65
136	83	95	66
129	84	101	63
128	82	102	62
130	79	102	67
136	79	96	66
128	79	104	65
129	82	103	64
128	82	103	61
131	83	100	63
131	84	101	61
133	88	100	56
129	85	103	57
135	83	98	55
149	84	83	49
145	82	88	53
149	82	84	50
150	80	83	51
147	81	85	50
148	81	82	49
146	80	83	51
146	82	84	48
129	80	101	53
145	78	85	51
145	77	84	46
143	80	86	44
144	77	85	47
124	68	104	62
119	71	108	61
144	81	82	48
141	81	82	47
141	82	85	50
143	79	85	53
144	84	86	55
135	86	95	62
137	86	94	62
135	90	95	59
139	92	94	58
143	87	93	63
143	84	94	64
144	84	94	64
143	83	95	63
141	86	96	59
140	87	97	58
139	87	98	56
137	87	99	55
138	83	100	54
137	80	103	55
135	78	105	59
133	76	108	62
130	76	112	65
129	95	84	46
123	98	87	48
119	100	89	47
118	101	90	47
117	101	91	48
116	101	91	47
116	101	92	47
115	101	93	47
116	102	91	47
117	100	92	50
119	101	90	47
123	101	90	47
122	82	113	59
123	82	109	62
133	75	109	64
139	76	104	60
144	76	100	60
148	81	93	53
146	79	92	58
142	73	95	68
142	92	92	49
140	95	93	51
138	97	94	53
135	103	95	52
132	106	96	53
127	109	100	56
128	112	97	54
123	110	104	58
125	108	104	60
130	111	100	55
133	110	100	49
136	107	98	47
140	104	96	45
141	57	96	88
140	84	97	57
144	63	92	59
148	65	89	53
148	74	87	38
137	73	103	52
139	63	100	61
141	58	96	64
141	60	97	63
139	59	96	64
137	60	98	65
132	60	103	67
66.948105	46.684303	164.1116	84.02623
99	56	122	72
47	34	172	97
132	65	101	54
114	63	116	59
61	37	171	91
82	39	134	91
76	40	154	92
55	35	171	96
54	39	177	89
49	38	184	88
53	39	174	88
48	38	178	89
55	37	176	89
68	36	166	89
81	34	151	87
56	31	173	87
135	69	96	51
140	81	87	44
127	48	91	66
127	33	98	86
125	45	97	76
129	64	91	61
132	80	87	52
107	45	115	92
116	36	105	98
118	81	107	56
129	95	91	46
124	100	103	43
132	98	96	51
138	110	88	44
133	102	94	55
129	95	101	59
130	102	100	64
131	101	100	64
133	100	99	65
135	100	98	63
138	99	97	62
139	97	95	63
141	93	94	65
143	91	92	64
146	84	91	70
149	82	89	68
152	80	87	68
153	80	86	65
152	76	87	66
144	74	93	54
150	69	89	66
148	70	92	65
145	68	94	65
146	68	92	66
139	67	94	63
143	70	91	63
141	69	93	63
141	69	93	64
142	70	91	64
134	65	94	65
139	51	90	80
134	58	91	66
140	51	87	75
141	51	94	71
141	51	94	73
126	50	105	78
123	42	114	91
129	42	108	94
129	44	107	97
129	44	108	103
133	50	96	105
131	47	103	116
119	95	98	70
113	105	96	64
108	109	100	64
115	114	93	60
110	111	99	60
118	115	92	60
119	116	92	59
121	116	91	58
124	113	91	59
128	80	105	89
124	86	101	72
132	91	94	71
124	88	106	70
113	80	121	78
109	73	128	79
108	107	90	61
109	108	94	59
111	108	94	59
113	107	94	59
117	107	92	57
125	109	90	51
136	81	88	74
136	85	95	65
128	72	102	75
141	75	92	82
125	83	110	73
122	95	110	65
148	71	94	56
151	69	94	54
109	121	100	61
111	126	96	59
106	128	99	57
106	125	97	56
102	130	100	55
101	131	98	54
102	129	97	55
103	126	95	58
102	123	95	57
103	119	93	55
103	118	94	58
106	114	90	59
106	108	91	55
111	101	85	63
113	96	84	66
113	90	89	61
122	87	85	62
124	85	87	55
131	53	100	90
132	59	97	81
129	55	97	83
128	61	97	78
126	57	98	80
123	56	98	79
123	54	98	80
122	55	99	79
122	55	98	79
122	55	99	78
122	55	99	78
122	57	98	78
123	60	97	76
124	60	99	72
125	52	98	73
120	47	105	85
131	49	98	94
123	80	90	66
118	89	91	61
116	94	93	62
115	100	91	59
115	99	91	61
117	104	91	61
120	106	91	60
119	103	93	60
119	104	95	60
122	103	95	60
123	100	97	64
132	99	91	64
138	95	87	64
141	63	91	92
146	60	89	89
137	62	97	84
130	64	105	72
126	71	110	73
119	70	118	72
120	68	121	70
113	66	131	74
124	66	119	67
103	65	143	74
98	65	150	74
95	64	154	73
139	64	114	72
150	64	103	65
149	62	105	66
147	62	106	67
149	64	104	62
151	63	102	64
152	64	102	60
153	64	99	61
156	64	92	56
150	65	96	58
152	66	93	57
124	63	120	64
121	65	122	68
125	63	116	64
134	62	100	63
139	60	92	63
132	64	98	66
130	64	107	76
127	66	113	76
123	67	119	75
119	68	128	78
110	69	134	78
102	85	103	68
100	89	101	65
97	92	95	66
95	92	93	66
92	96	91	63
90	98	91	61
150	63	101	57
155	63	94	53
151	61	95	52
151	52	100	57
86	96	88	60
85	99	88	55
84	99	88	52
81	101	88	51
80	100	87	51
78	98	86	54
77	96	86	57
77	95	86	55
78	92	85	56
77	89	87	50
81	83	83	64
84	77	83	67
134	39	97	62
88	65	81	56
144	61	75	40
105	55	110	51
98	48	120	82
92	61	80	57
88	66	83	58
96	47	121	89
93	73	79	50
92	79	82	64
89	86	85	63
85	98	88	59
83	105	90	57
81	109	92	58
85	114	89	54
85	112	92	56
90	117	90	54
90	116	93	59
90	114	97	61
87	111	102	62
86	108	106	64
92	107	106	62
93	105	105	61
102	101	99	51
98	100	103	58
101	98	104	57
113	94	94	48
100	95	106	55
98	95	108	52
100	92	108	54
101	91	107	53
102	92	106	50
103	87	107	51
102	90	107	47
104	80	106	55
101	80	108	54
103	78	108	53
104	82	107	49
105	81	106	49
100	80	111	45
104	84	106	40
104	84	108	46
104	86	107	44
103	82	109	44
98	85	117	44
97	78	116	44
106	79	107	43
103	86	113	41
108	76	105	48
113	78	98	43
105	79	108	48
106	82	107	48
107	81	107	52
109	81	105	56
114	83	102	59
116	83	100	64
118	78	99	74
109	84	109	64
121	66	98	92
123	63	96	92
122	62	98	95
116	74	104	82
100	72	119	82
117	63	98	68
117	65	98	62
113	61	104	81
124	60	93	66
115	50	105	87
120	48	101	90
121	47	98	93
120	45	96	96
120	45	94	98
126	46	93	98
126	49	93	95
124	52	96	89
125	60	94	77
119	62	99	76
123	67	95	77
111	71	98	68
109	81	102	63
111	50	105	70
98	88	115	72
93	83	123	77
89	88	124	71
91	88	123	81
103	98	101	67
92	104	110	65
91	107	112	67
91	111	108	67
90	115	107	65
89	117	104	64
86	119	103	61
86	120	100	58
84	118	99	57
85	114	96	56
85	108	96	59
86	100	95	59
91	89	94	64
99	76	88	71
102	64	86	78
113	61	75	77
104	60	84	77
105	60	84	79
102	67	85	76
100	77	87	71
85	85	100	61
95	89	90	65
96	92	89	66
93	97	91	65
91	102	94	63
89	106	96	62
88	109	97	62
88	111	98	63
89	112	100	65
93	109	98	67
100	101	98	69
110	61	110	104
111	69	101	90
113	69	99	82
108	62	109	82
98	54	122	85
107	53	118	66
81	89	97	57
79	90	94	61
74	89	97	63
79	92	89	62
79	92	89	63
80	90	88	65
72	91	94	63
80	92	88	64
81	93	87	63
81	92	87	63
80	93	89	61
82	92	91	63
85	93	91	59
88	93	94	58
97	89	97	56
107	85	95	54
115	80	101	58
114	55	112	76
127	61	98	71
122	65	109	62
123	54	117	105
116	82	99	84
104	103	98	68
98	113	98	62
96	117	95	59
94	120	93	56
94	122	91	55
96	122	91	54
94	118	97	58
101	111	98	62
89	73	134	77
119	76	98	78
116	71	104	69
108	89	96	53
101	95	94	56
94	100	96	58
97	106	90	54
96	105	93	53
96	99	96	56
98	97	96	56
100	95	95	57
101	96	96	55
105	93	96	53
111	79	98	60
114	64	108	74
123	68	99	74
119	84	104	69
106	97	104	62
99	103	104	64
97	115	99	56
93	121	97	56
90	125	93	51
90	123	90	50
86	117	95	57
90	116	87	53
89	111	85	55
89	110	83	52
92	104	82	56
96	99	79	58
97	85	82	69
113	92	58	39
100	94	74	54
103	96	70	48
106	99	70	40
102	102	75	51
103	106	77	48
103	112	79	41
114	118	74	37
110	111	83	43
105	107	95	43
105	104	102	43
115	101	95	42
124	102	92	37
123	95	100	39
143	91	83	33
135	83	100	32
163	80	76	34
151	68	98	42
151	61	96	50
121	85	76	49
137	86	66	40
134.11853	56.827938	121.79985	70.857216
167	61	87	50
143	60	111	66
146	60	109	63
142	50	114	83
154	46	97	94
147	39	99	103
139	39	109	101
137	35	113	103
137	33	111	101
136	34	108	97
131	26	111	100
132	20	108	103
136	19	100	103
140	20	94	100
137	20	93	100
136	19	96	103
139	22	94	103
147	27	92	100
148	33	95	97
129	43	109	79
125	61	101	73
121	74	102	67
103	83	110	72
95	94	110	73
97	101	100	64
96	107	96	61
94	106	95	61
96	101	92	59
96	96	91	61
96	92	90	62
95	88	90	60
96	85	89	61
101	83	87	60
102	83	88	60
100	87	88	60
97	90	88	61
95	94	89	60
93	97	90	58
94	99	89	56
94	101	90	56
94	105	91	55
95	109	89	55
89	112	94	55
92	114	93	57
93	110	96	61
98	106	94	63
93	95	107	64
101	88	111	64
112	78	111	69
122	62	104	83
129	65	92	74
119	61	102	69
116	60	105	67
109	50	109	79
108	53	116	76
