243.0	189.0	147.0	19.0
244	188	145	18
246	187	142	18
244	185	145	17
242	185	149	17
245	186	146	17
245	187	146	17
243	188	147	17
243	188	148	17
244	188	146	17
245	187	145	17
244	188	147	17
244	189	146	17
245	190	143	17
244	190	145	17
245	190	145	18
244	191	146	17
246	192	147	17
243	193	153	17
243	192	149	18
243	191	151	18
247	190	144	17
247	189	143	17
247	186	143	17
246	182	144	16
241	177	129	15
242	168	143	17
234	156	154	22
232	143	149	27
229	133	178	32
223	130	146	25
223	126	125	18
221	119	111	19
212	118	148	19
207	113	131	21
206	109	160	26
209	118	134	18
214	122	141	19
162.66917	105.39673	316.6282	106.93444
230.9316	90.07352	281.02573	149.11493
0.5113754	108.83734	211.02034	128.19128
-1.1699371	101.95044	281.9645	136.21503
2.5154114	111.003654	209.56708	126.38533
0.07998657	113.13069	208.16376	122.35679
-0.28910065	112.375885	211.79109	125.97559
229.20174	175.5306	162.78159	20.482199
230.9394	179.48422	152.08566	15.507939
231.78015	182.87906	157.77917	16.129215
231	187	122	16
229	187	152	18
223	190	153	16
221	190	159	17
221	190	157	17
218	190	146	18
220	189	141	17
214	188	153	17
209	184	163	18
218	179	144	18
221	169	116	19
217	167	116	15
213	160	163	18
216	155	158	19
212	151	158	18
207	146	163	20
206	140	163	23
201	134	165	23
203	130	166	26
199	128	169	26
202	129	185	26
195.0483	122.025665	242.72787	60.85479
191.70828	119.25203	261.6582	53.209934
200	129	170	25
71.10628	123.11754	355.66763	65.279076
200	139	126	15
205	138	118	14
205	128	170	26
201	135	123	16
207	135	116	16
202	128	165	25
204	129	168	26
17.28299	98.86321	488.77155	139.32942
38.76657	108.11243	470.70807	135.89716
206	138	116	17
200	132	174	26
198	134	155	19
198	129	170	26
176	125	213	28
198	122	171	25
189	112	178	27
191	119	181	24
188	117	171	25
185	113	195	27
181	106	202	28
181	106	202	26
178	105	212	28
174	105	226	28
181	104	212	28
177	104	226	29
177	102	222	30
185	104	197	28
183	103	205	29
184	105	197	27
186	105	173	26
187	105	184	29
192	97	170	33
191	96	156	33
193	94	161	36
192	93	177	38
193	90	193	41
193	89	175	42
187	88	190	41
190	88	178	41
185	87	193	40
185	87	193	42
180	87	207	40
185	87	183	41
185	88	210	40
180	88	222	42
179	87	227	41
179	87	227	41
173	84	308	43
175	82	298	45
169	79	267	51
170	77	195	44
163	76	211	45
152	73	244	42
154	69	193	45
147	66	173	42
145	64	188	42
137	54	180	44
133	51	181	44
133	49	190	45
125	46	178	45
127	45	182	45
115	55	186	25
115	57	189	27
113	66	201	28
117	68	190	26
117	74	203	26
117	78	189	25
124	79	185	25
105	76	250	49
114	79	203	32
122	91	131	16
116	88	175	28
121	85	204	28
119	87	198	26
121	89	187	25
123	91	188	27
121	92	217	30
118	94	269	35
135	108	183	26
142	107	179	29
145	110	177	25
144	110	177	28
151	111	171	26
149	109	172	28
156	110	165	25
157	110	166	27
154	109	167	26
155	108	171	26
157	107	181	27
159	109	172	26
164	108	168	27
167	109	171	25
172	110	164	24
175	113	170	23
184	117	173	24
172	124	215	29
3.3419113	169.87086	245.18022	90.12614
8.127213	167.36412	241.77133	91.81315
7.3906937	162.59482	254.88011	99.109
11.032898	170.35846	237.21606	87.41268
9.47242	170.73994	235.99583	85.98953
9.351753	170.82333	235.64769	87.284485
8.86673	169.94055	229.22318	87.085434
7.0519943	168.5052	231.45897	87.550385
5.6456146	166.54468	232.60245	90.06902
3.6721802	165.08168	231.67041	91.61491
182	125	180	26
5.1705017	159.99036	236.1947	96.86675
176	114	180	19
185	107	176	26
184	105	164	24
173	90	240	39
178	93	216	29
180	95	208	25
179	95	209	24
179	93	212	24
178	93	208	24
181	91	200	24
184	88	198	25
180	88	210	24
175	86	222	26
171	86	252	25
179	86	203	26
178	86	197	23
180	86	190	23
180	86	177	23
184	84	186	25
181	84	182	24
182	83	196	24
182	83	181	25
181	82	177	23
183	77	164	25
186	76	165	27
186	76	176	26
188	75	164	25
185	74	182	26
183	74	185	27
179	74	192	27
178	69	268	33
172	68	249	33
182	65	218	30
178	65	227	28
181	65	218	27
179	67	189	25
186	67	165	26
184	67	163	24
183	68	164	23
181	67	165	23
183	65	173	25
184	64	177	23
183	62	168	25
183	62	173	19
182	61	166	21
182	60	161	20
178	60	178	20
172	60	126	17
173	57	169	21
172	57	166	21
173	57	164	21
173	56	170	20
173	56	164	21
177	54	171	23
181	57	165	21
178	58	167	21
183	58	169	23
181	61	179	22
179	62	172	23
182	65	167	23
181	68	164	22
179	70	161	23
177	70	184	24
178	73	168	22
176	72	170	25
177	72	166	25
178	73	175	25
182	74	166	24
186	76	169	26
189	75	179	28
190	76	211	28
189	79	210	27
191	82	191	25
191	82	182	27
193	82	172	28
192	81	171	30
192	84	165	27
189	84	168	29
188	86	183	30
188	91	173	29
187	95	161	28
185	96	162	27
185	98	161	27
188	95	160	30
187	94	162	31
188	94	160	30
186	95	163	30
184	96	163	30
184	98	160	30
184	99	160	29
184	101	161	30
184	104	157	27
185	101	152	30
183	103	170	26
183	99	154	30
181	100	156	28
177	102	161	30
174	104	160	30
176	106	152	30
173	107	158	31
178	104	164	38
171	103	190	41
173	102	183	38
173	106	160	34
175	106	153	31
173	103	153	32
170	101	155	29
168	100	155	29
169	98	154	30
167	98	155	29
168	101	158	24
165	98	156	29
167	100	158	27
169	102	159	27
171	101	154	28
170	101	160	28
168	102	160	27
168	102	154	26
165	101	175	26
171	100	152	26
167	99	155	27
169	99	156	25
167	98	157	25
163	99	159	26
166	99	153	26
169	99	155	25
170	96	152	26
168	93	155	27
167	92	159	26
168	90	157	26
169	88	166	27
173	88	160	24
174	87	167	24
177	87	165	25
178	89	167	23
181	90	167	22
178	89	161	25
187	89	155	23
184	90	157	23
183	89	162	24
179	91	169	18
183	88	164	20
184	88	164	20
181	84	173	25
186	86	161	23
183	95	160	23
67.91228	66.169556	345.73553	198.50775
171	107	171	28
170	108	188	27
174	121	171	26
172	123	175	26
172	126	166	28
2.9644165	86.68127	489.54517	149.47847
0.673584	142.36092	505.95935	117.62376
-2.3598328	143.54893	205.25958	116.726654
-6.755478	132.04997	273.39725	129.19534
-6.704315	77.19724	485.55298	169.07762
62.72711	73.16203	348.04797	92.526764
81.84216	74.71887	214.97015	41.548893
162.32347	69.66202	166.02957	32.005608
162.60222	70.93242	171.15884	28.685743
161	71	178	26
169	71	157	27
173	71	156	28
176	78	171	25
182	89	144	17
191	89	152	31
197	104	159	26
206	112	164	27
-104.013245	66.97608	522.5538	227.69637
4.5891266	113.97967	464.6268	138.27821
10.422867	110.62992	486.59933	144.07585
-12.617111	114.10227	503.6857	157.1204
202	142	178	24
201	127	179	26
202	117	174	17
206	111	165	18
86.37407	83.09562	276.2769	78.93309
186.50345	82.216415	181.37383	42.008945
195	84	190	35
201	89	184	33
202	99	178	33
208	109	155	26
207	119	142	27
143.6768	67.173	271.71902	207.38826
2.8162994	111.399284	483.3447	150.62392
-6.1766663	132.30421	508.61407	135.05478
205	137	182	26
197	125	179	27
1.9203568	155.97076	207.88426	98.79486
1.2857285	154.51042	205.60707	100.955605
0.1747284	155.39816	205.72806	100.611015
190.81284	81.57201	165.79584	35.776333
190.05545	77.91151	185.93376	29.431448
194.23582	68.81257	170.07156	31.759296
195.02559	62.270065	163.25668	33.442383
195.70866	47.654205	203.88748	46.04831
194.67345	46.84268	205.29959	43.898468
190	62	163	28
197	60	181	33
192	76	174	29
195.21202	95.18565	124.433754	21.976038
156.34586	94.60569	208.00409	140.58104
1.4577484	147.17043	200.25388	108.649376
0.9545212	148.99928	202.96547	108.2651
-6.479599	143.74408	341.2285	122.75494
3.514061	146.0506	194.66994	111.18079
7.5466003	135.22186	344.97223	132.9952
-6.195236	141.7962	308.00357	120.2713
194	93	139	16
198	87	149	19
199	84	151	21
198	82	153	22
195	70	178	38
203	82	161	25
202	86	175	28
191	90	252	34
192	100	182	26
182	103	208	27
181	101	218	27
187	99	192	26
191	89	122	18
189	84	154	25
-12.484726	68.403656	487.0474	162.63873
-14.691162	66.98346	501.17267	181.64905
164	96	179	27
172	95	176	27
167	100	177	26
165	102	177	27
167	103	186	27
166	102	182	28
6.598404	80.75989	492.11887	124.78198
-3.6585236	79.42597	498.4678	135.50963
7.6189423	77.282486	472.27304	113.29514
160	102	184	30
157	99	193	28
153	102	180	29
152	98	207	30
154	102	176	29
153	98	177	30
21.322601	65.09622	438.45062	104.64141
146	95	178	30
4.3539276	71.987526	404.56937	122.021774
147	99	181	30
15.058258	60.98509	425.6214	107.9622
9.602356	57.31179	460.4314	128.10909
146	92	172	31
146	91	171	32
141	91	169	31
140	96	177	31
136	98	185	30
142	103	173	28
137	102	184	29
145	111	176	28
143	119	171	27
144	124	174	27
2.4597778	87.9276	485.14478	134.772
-8.77121	91.62677	492.8023	146.01208
8.708237	96.2319	493.9976	126.34283
19.092545	99.02303	473.67245	121.2325
15.72818	94.18266	494.5102	136.98819
15.375717	102.77622	493.47073	137.35796
35.521942	120.88107	449.33624	120.26276
140.99762	132.23943	354.8755	113.78128
149.02371	137.44612	298.30603	91.00944
164.20963	144.89374	275.3037	92.25086
151.69472	144.08205	289.55307	98.71414
177.78131	147.0354	261.5249	91.53943
171.22583	142.6482	271.07172	96.04632
130.02669	133.4689	332.70322	102.30927
172	171	154	29
104.880066	124.0839	346.26624	99.958786
142.81511	114.91678	310.04892	93.078606
139.05353	109.87402	325.43677	102.623604
173	152	131	18
99.69339	111.11539	375.54578	121.17591
96.6046	110.90129	404.3481	124.05087
21.254288	118.65742	481.89902	119.07756
119.817184	128.58777	373.52347	109.01189
90.62984	136.25508	376.05795	104.904396
108.35487	128.6885	373.7374	115.599106
95.479355	128.14261	400.42813	116.280014
10.527054	97.08098	468.0287	129.20822
6.108719	71.68511	489.895	130.7358
7.488846	57.068256	485.61252	122.19961
177	81	169	26
-2.2434387	88.01711	177.16766	121.43593
170	47	160	26
167	42	165	25
160	46	114	17
156	41	159	25
148	47	164	25
147	51	165	24
147	50	166	24
142	50	167	25
-1.0060272	84.318054	157.46579	116.35137
143	23	177	28
153	25	194	18
159	25	175	17
126	25	198	16
138	25	197	17
143	18	168	27
0.3366623	92.61364	151.86089	101.301956
-0.47170258	78.52038	153.1378	116.171646
-1.1900406	90.29077	155.9175	105.01843
3.3559723	69.49037	179.72351	124.65739
-4.0109634	72.8268	161.7546	120.19262
-0.7497406	88.28863	156.50937	104.596756
-2.184578	80.22771	165.94777	115.55136
144	72	169	29
-3.584465	71.33818	160.77937	120.71988
-0.73848724	88.41121	169.37132	102.46165
-1.9859161	87.49034	154.06464	102.26127
-1.8079453	86.30934	180.70732	107.786476
144	73	165	29
-1.6174545	95.487885	158.03398	102.87525
146	90	171	32
-0.8651352	97.95569	161.51259	105.4027
1.6348877	86.404106	210.36346	121.11488
-2.6607742	92.101524	160.94075	113.239944
144.40477	55.157505	210.83255	104.63317
28.490524	36.549286	396.8159	163.31995
138	113	172	26
130	118	187	28
-3.3228073	90.64006	192.45616	109.06918
141.35861	50.49683	214.29138	107.075005
56.10013	35.672165	313.87952	157.42288
2.2301636	41.641685	373.8426	150.56148
-8.171921	55.354218	395.41287	147.90253
-2.9152832	21.696548	483.8192	147.67123
2.455124	30.799782	427.20975	150.7874
-6.5626297	76.35933	182.14723	126.01596
142	74	165	26
135	77	158	27
136	74	166	25
133	75	164	25
134	77	112	14
134	72	161	25
130	86	113	15
0.13549805	78.95846	179.31485	123.781204
-0.8393936	81.79556	180.25984	125.16443
-1.3340302	90.16283	160.98947	116.01913
7.200531	88.34784	285.22058	117.01881
-2.971878	40.312622	452.5461	161.294
1.7815247	62.883156	361.73334	131.35478
4.6954346	43.086906	413.79504	152.4247
10.509781	55.60421	374.07748	137.50789
9.239044	34.25991	435.91754	158.55537
25.306503	56.458725	360.05618	137.0281
16.362198	45.522682	411.36642	153.60368
94.59769	67.19701	264.35553	123.55191
132.01146	55.2994	256.6675	130.1476
110.8091	52.604256	276.971	136.81004
51.23239	50.11577	337.4346	139.01547
46.314636	56.1559	343.36475	134.75479
64.1646	57.016212	322.74844	134.99742
141.55827	52.84874	247.6907	140.14877
99.11832	58.683914	290.53198	140.95883
125.43315	59.692245	266.16843	145.92361
140.93921	60.759644	250.10437	148.45612
141.70815	59.773582	248.8984	153.26857
138.64877	58.015923	252.51715	150.11464
133.84715	56.87893	255.87766	144.89345
87.857025	57.000305	297.92487	137.27673
7.8913727	44.32923	400.82004	151.98027
14.891556	54.74833	372.47617	133.84984
2.7754974	33.739433	451.55093	157.6501
1.8578644	45.321426	394.7971	146.5903
-2.1377563	53.117966	387.839	137.53482
142	120	169	29
142	122	176	28
149	126	178	29
150	138	182	28
149	141	191	28
151.17819	53.41281	243.64777	142.60748
148	144	176	28
146	141	191	30
143	141	206	31
89	148	226	32
161.31146	56.898407	228.0996	160.59662
91	152	223	30
165.59882	56.947647	224.90907	163.95578
164.7764	58.09192	229.09918	160.9278
164.80296	58.786636	228.61728	163.8511
166.07744	60.11196	226.71939	166.45692
166.75548	60.07222	223.2131	168.97061
165.72388	58.660995	222.85448	174.06937
111	147	215	30
167.20087	59.071075	216.58144	181.3064
168.76166	58.67906	211.82475	181.77573
166.969	58.500923	213.78752	182.57146
168.39705	57.287445	216.03854	184.53955
170.5543	59.028442	214.61789	183.51477
170.32222	59.655396	214.28201	185.2121
164.63274	62.373375	225.18198	186.32393
172.19975	54.75335	216.86142	193.17097
168.20755	56.375534	215.57996	186.17532
164.78098	53.86199	220.39183	181.77785
162.1893	56.502785	220.51752	166.56767
158.98792	57.05921	226.72801	164.03624
158.11005	56.07917	227.4369	158.56859
154.64114	56.161575	231.42403	155.67056
84	146	231	32
84	153	229	29
131	138	193	28
146.34955	49.46704	242.40053	140.7096
143	122	166	26
142	119	172	29
137	120	181	28
138	117	170	30
135	115	173	30
3.4801178	53.330753	394.1733	126.052666
138	99	161	28
136	99	160	24
134	97	138	20
139	82	160	25
140	77	159	24
138	72	158	25
138	73	167	26
135	63	174	27
139	52	168	29
142	54	165	28
140	54	170	26
141	51	172	26
-3.4902725	110.10173	161.08858	95.69865
2.5058975	88.2517	191.76448	136.92915
138	47	172	25
134.89124	8.6395645	270.40485	140.04222
135	45	171	26
31.527023	30.660011	467.88358	152.10637
140.40758	2.6511078	269.60782	156.78262
126.033066	8.670525	364.16055	165.17714
131.93245	31.77346	372.0555	145.46956
138.84987	17.04055	336.98178	160.33992
142	52	172	29
149.08025	15.51165	330.55972	160.91347
142	62	178	28
150.7923	26.60627	344.19983	155.3922
165.56862	27.34932	335.37473	153.99985
152.20825	14.156906	334.43323	169.34305
170.77203	13.88723	324.33435	165.68428
169.30785	16.65789	300.18277	163.16628
172.1571	15.827705	261.16467	157.00475
165.48996	16.436745	267.81256	161.02617
172.05455	12.607895	282.55594	171.30435
171.45724	17.325073	260.2802	161.21045
168.57423	22.143562	293.45114	163.32555
166.36555	18.462753	267.09238	161.34732
169.93135	26.691101	286.30515	161.07922
158.6518	33.52024	275.69495	151.34819
156.64359	53.500458	311.3283	136.91913
153	85	161	26
148	106	160	26
158	119	155	25
147	133	164	26
144	142	173	30
153	150	182	28
157.99593	81.31127	245.27023	128.93068
144.4752	80.52158	255.4661	125.159775
11.378998	74.49866	403.9604	127.56488
7.794861	33.51447	445.8164	96.54589
48.76335	62.751328	425.76175	124.331085
43.95587	70.34698	377.13843	104.93483
51.094696	67.498764	403.50702	127.2098
54.15439	70.29982	379.94916	120.14677
145	141	164	28
150	140	173	29
148	130	167	29
142.4736	74.02186	273.76544	112.595505
153	143	174	29
165.47757	81.15732	227.45427	135.00385
174.27945	80.16033	224.77972	149.87929
177.16257	82.906784	220.5229	150.6641
175.76741	82.407425	228.58273	149.0972
177.7864	80.92819	224.388	149.76135
178.97269	81.992226	217.76003	150.71947
175.23338	78.75294	232.99673	143.916
165	144	189	35
159	143	192	31
159.06812	78.52486	243.69334	122.949684
163.81921	78.71925	242.09393	130.58267
166.44928	80.643486	238.06432	144.90108
167.02544	79.30099	236.574	138.15407
157.734	78.048096	248.13718	119.93561
151	146	176	30
161.57135	77.69896	244.65416	123.283714
164.66718	77.82529	239.57799	129.21771
153	143	175	33
156	145	179	29
163.74384	75.527565	237.48512	125.382065
161	145	187	33
169.78726	75.085464	233.35236	141.34982
110	153	223	29
186.90045	73.7873	177.81316	146.82133
187.3018	66.25815	192.8599	156.51611
191.60898	71.198654	169.07906	155.26334
196.61638	62.005272	168.48294	165.834
198.28314	64.364136	147.08388	165.76056
200.12271	59.102936	144.98785	174.18896
199.73584	58.377563	136.7552	171.81995
198.28784	58.840485	122.87934	162.37488
193.95026	76.494125	119.196884	141.9302
193.99574	58.833565	114.279335	155.28612
194.32867	48.20218	113.47618	162.22852
198.70148	37.445137	124.648544	165.91368
197.32083	33.397522	128.00145	169.7525
202.13551	31.682861	118.56235	168.50726
199.10745	18.457916	131.00537	184.29816
206.33173	18.045517	107.29143	178.48422
189.74722	28.789345	110.42597	178.91502
206.98657	24.395798	89.5771	176.0506
204.97687	23.772934	77.867195	180.59747
208.77628	18.463036	77.25609	182.54869
196.37544	26.168205	82.50257	179.05415
203.58698	16.235611	75.21715	177.28305
195.00517	18.310867	84.14864	173.9136
184.44965	20.374245	94.872604	175.42863
189.94702	26.401474	96.22057	170.84036
204.7673	17.894852	79.20174	177.89102
211.39117	26.066986	73.70119	173.3841
221.34373	23.15361	64.559235	176.55661
224.39691	20.537437	65.85975	182.97621
228.50021	24.96437	59.066658	175.02109
224.20396	27.392494	65.55758	174.71239
225.97984	16.314148	61.105003	182.40314
223.55428	8.704094	61.31162	186.0223
197.98485	17.289764	86.55436	179.16705
199.21294	12.920425	90.17264	175.99362
208.39725	13.759308	83.32104	176.98706
195.75441	29.498558	96.434235	179.54146
223.7922	14.46743	78.80305	191.9333
109.70656	48.531204	196.25372	202.39871
-5.6982574	100.51763	163.30673	117.48897
-3.8170395	116.00351	185.40074	101.04656
4.6480713	105.28526	210.96097	121.45504
166.76143	30.54908	138.67368	189.03117
182.44798	31.226662	106.13541	175.99516
119.03561	28.547607	188.14442	200.67462
-4.9207306	110.9973	186.34872	105.20396
-2.8407822	105.96968	152.74748	110.42037
-1.5448303	114.582184	149.76785	101.178406
-2.0942917	103.83589	164.4876	110.85281
-6.2146454	115.608864	168.31912	98.43443
-1.296318	105.06572	179.16112	112.83268
-4.125862	115.142914	159.0558	101.69394
-1.5783691	112.07382	158.74799	106.542816
-3.3973694	115.1384	156.50269	98.65896
-3.8716583	105.017975	157.56445	113.19205
-3.0167542	115.75613	158.53741	100.494675
-1.9868317	102.64839	190.83057	117.23389
-4.945053	116.71878	163.0145	104.078835
-0.56742096	113.63043	151.34187	102.28769
-1.9150391	114.219444	153.11752	101.670944
-1.649765	114.29448	155.81006	100.52282
-4.5971985	110.283066	172.81683	111.65909
-3.7851715	111.79796	170.60458	102.11198
-6.492859	112.34174	178.86118	107.90456
-5.4074097	113.34685	158.21213	102.49897
-1.3774185	113.63754	154.98491	101.33954
-0.34311676	116.7259	152.83284	99.33415
-0.7829666	112.86622	173.38676	106.93956
-4.5071945	114.166985	185.753	109.61299
-4.61499	106.12627	182.20203	117.04055
-4.0112	112.84856	172.8783	110.322235
-3.3102493	111.80029	165.11446	103.10175
-4.825287	116.71673	152.3053	97.89375
-1.2203903	115.67018	152.8036	102.618935
-2.3516693	115.59735	160.90326	101.68359
-6.9813614	112.076935	171.4186	104.20342
-5.546524	112.63962	162.32153	101.876465
-1.2783203	113.30644	163.80444	105.87101
-1.2278595	110.17923	156.17398	104.87579
0.47136688	116.481255	156.74641	100.157486
-3.6577072	107.101265	159.58214	110.3026
-0.49649048	120.56796	161.2102	99.80792
-2.9634476	111.60513	160.87419	112.21746
-0.5586319	120.09367	153.51707	98.87986
-2.4734192	104.64976	165.84412	116.45726
-2.0329971	120.809875	152.28334	94.48523
-1.3413773	111.79798	154.97221	102.975266
-1.2073975	118.63199	153.43466	98.62812
-4.1809006	111.21306	159.88869	110.222755
-1.7460709	124.06963	152.89201	97.11134
-3.4679565	114.48503	161.72308	109.9999
-1.027359	127.68267	159.38034	100.311356
-1.2325974	110.15406	173.86754	122.937485
-1.4168472	114.549774	176.27303	115.78845
-2.2673264	122.04404	174.47038	104.61083
-2.6444473	120.90321	163.6927	104.105
-5.277153	110.72775	194.62978	123.67889
