113.0	174.0	18.0	15.0
114	173	17	15
114	174	18	15
114	173	18	15
113	174	18	15
115	173	18	15
115	173	18	15
115	174	19	15
115	173	19	15
116	173	19	15
115	174	20	15
116	174	20	15
116	174	20	15
117	174	20	16
116	174	22	15
117	174	21	15
117	174	22	16
118	174	22	16
119	174	22	16
121	174	21	16
121	174	21	16
122	174	21	16
122	174	22	16
123	174	22	16
125	174	21	16
124	175	22	16
125	174	23	16
125	174	22	16
126	174	23	16
126	175	23	16
126	174	23	17
128	174	23	17
129	174	23	17
129	174	24	17
130	174	25	17
131	174	25	17
131	173	24	18
131	173	26	18
132	173	26	18
133	173	26	18
134	174	26	17
135	174	26	17
136	174	26	18
136	174	26	18
137	174	26	18
138	173	27	19
139	174	26	18
140	173	26	19
140	174	27	18
141	174	28	18
140	174	28	19
141	174	29	19
142	174	29	19
144	175	28	19
144	174	29	20
146	174	29	20
146	175	31	20
147	174	30	20
148	174	31	20
149	174	31	20
150	174	32	20
151	175	32	20
152	175	33	20
153	174	32	21
156	174	31	21
156	174	33	21
157	174	33	21
158	174	34	22
160	173	35	23
160	174	34	22
161	174	35	22
164	173	35	23
164	174	35	23
165	174	35	23
167	174	36	23
169	173	37	24
170	174	37	23
171	174	37	24
173	174	38	24
174	174	38	24
175	174	39	25
178	174	40	25
179	174	42	25
181	173	43	26
182	173	44	27
182	174	43	26
184	174	43	26
187	174	53	27
188	174	49	27
191	174	45	27
192	174	45	27
194	174	45	28
196	174	46	28
198	174	50	29
199	173	51	29
203	174	50	29
202	174	50	29
207	174	51	29
209	173	52	30
211	174	53	30
213	173	54	32
216	173	55	32
218	173	56	32
221	173	58	33
224	173	58	33
226	174	58	33
229	174	59	33
233	173	62	35
235	174	62	35
238	174	63	35
241	173	66	37
246	172	67	38
248	172	71	39
252	172	71	40
254	172	73	41
259	172	75	41
262	172	77	42
266	172	79	42
269	172	81	43
274	173	81	41
279	173	86	43
284	173	89	45
287	173	89	44
292	172	91	45
297	172	99	48
302	172	100	49
308	173	98	46
314	173	104	46
319	173	106	48
326	173	106	44
334	173	112	53
339	173	119	55
345	173	120	55
353	173	124	57
360	174	129	58
366	173	126	60
376	174	117	60
384	174	109	62
