81.0	131.0	22.0	16.0
81	131	22	15
81	131	22	15
81	131	23	15
81	132	23	15
81	132	24	15
81	131	25	15
82	132	25	15
83	132	25	15
83	131	25	15
86	132	23	15
86	132	23	15
87	131	23	15
89	131	23	15
90	131	22	15
90	131	23	15
91	131	23	16
91	131	23	16
92	131	24	16
91	132	25	16
92	132	24	16
95	131	23	16
94	132	24	16
95	132	24	16
96	131	25	17
96	132	25	17
97	132	25	17
99	131	25	17
98	132	27	17
99	132	27	17
100	132	26	17
103	131	25	17
103	131	27	17
104	131	27	18
105	131	28	18
105	132	28	18
106	132	29	18
109	131	28	19
109	131	29	19
111	131	28	19
113	132	28	18
113	131	30	19
114	132	30	19
114	131	30	20
116	132	31	19
117	132	31	19
119	131	32	21
119	132	32	20
122	132	32	20
122	132	34	20
124	132	34	20
125	132	34	20
126	132	35	21
127	132	36	21
129	132	36	21
130	132	36	22
133	132	35	22
134	132	36	22
136	132	36	23
139	132	37	23
140	132	39	23
141	132	39	24
144	132	40	24
146	132	41	24
148	132	42	24
152	132	40	25
154	133	41	24
155	133	43	24
157	133	43	25
159	133	44	25
162	133	45	25
164	133	46	26
166	132	46	27
168	133	48	26
173	133	48	27
176	133	48	27
177	134	50	27
180	134	50	27
183	134	51	27
188	133	51	28
189	134	52	28
194	133	53	30
198	133	53	30
200	133	55	31
204	133	56	31
208	134	57	30
211	134	58	31
215	133	58	32
217	134	60	32
222	134	60	32
227	134	61	33
231	135	62	32
235	134	63	34
239	134	64	34
242	134	66	35
246	134	68	36
251	134	68	36
255	135	71	37
261	134	71	37
264	135	74	39
269	134	75	39
274	135	76	38
280	135	79	39
285	135	80	40
290	135	82	41
295	135	84	41
301	135	86	43
306	136	89	42
310	136	92	44
317	136	93	45
323	136	96	46
329	137	99	46
335	137	101	47
342	137	104	47
349	137	108	48
357	136	113	51
363	137	114	51
372	136	119	53
380	137	121	53
388	138	115	52
397	138	107	53
406	138	98	55
