112.0	174.0	23.0	18.0
111	174	23	17
112	174	23	17
113	174	23	17
113	173	23	17
114	174	23	18
115	174	23	17
115	174	25	17
116	174	24	17
116	174	25	17
117	173	26	19
118	173	25	19
120	174	25	19
121	174	25	19
122	174	25	19
123	174	26	19
124	174	26	19
125	175	26	18
125	174	27	19
126	175	28	19
127	175	28	19
128	175	28	20
129	174	28	20
132	174	28	20
131	175	29	20
134	175	30	19
133	174	31	20
134	174	30	21
136	175	30	20
137	174	31	21
139	175	31	21
140	174	32	21
141	175	34	21
142	175	33	21
144	175	33	22
144	175	35	22
145	174	36	22
147	174	36	22
146	174	39	23
149	174	38	23
153	175	38	24
156	174	37	24
156	175	38	24
160	174	38	25
160	175	38	25
163	174	39	25
165	174	40	25
166	174	41	26
169	174	41	26
172	174	42	27
172	173	44	28
174	174	44	28
177	174	45	28
181	174	45	28
184	175	44	27
185	174	46	29
186	175	47	28
189	175	47	29
191	175	49	29
196	174	50	30
198	174	53	31
200	175	52	31
203	173	55	33
204	174	54	32
208	174	56	33
211	175	57	33
215	174	61	34
218	174	60	36
222	174	61	35
226	174	64	37
230	174	66	37
234	174	69	38
239	173	73	40
244	173	72	41
247	174	74	40
252	173	76	43
258	173	78	43
263	172	83	46
269	174	85	45
275	173	89	46
281	173	93	48
289	173	94	49
296	173	97	51
302	173	102	53
309	173	107	54
317	173	110	56
325	173	119	58
334	174	120	58
343	174	127	61
351	174	135	63
361	174	132	65
375	174	117	67
384	175	109	68
