1.0	171.0	18.0	14.0
0	171	19	12
0	171	19	12
0	171	19	12
0	171	19	12
0	172	20	12
0	171	20	12
0	170	17	14
0	170	17	14
0	171	20	12
0	170	17	14
0	170	18	14
0	171	20	12
0	171	21	12
0	171	21	12
0	172	21	12
0	171	21	12
0	171	22	12
0	171	22	12
0	171	22	12
0	170	22	13
0	171	24	13
0	171	24	12
0	171	25	13
0	171	25	13
0	171	25	13
0	171	25	12
0	171	25	13
0	171	25	12
0	171	25	12
0	171	26	12
0	171	26	12
0	171	28	14
0	171	28	14
0	170	28	15
0	171	29	14
0	170	28	14
0	172	17	11
0	173	16	10
0	173	16	10
0	173	13	10
0	173	15	10
0	173	13	10
0	173	14	10
0	173	14	10
0	173	14	9
0	173	15	10
0	173	16	10
0	173	16	10
0	172	17	10
0	173	16	10
0	173	16	10
0	172	16	10
0	172	17	10
0	172	17	10
0	172	17	10
0	173	16	10
0	173	16	10
0	173	16	10
0	172	17	10
0	172	16	10
0	173	17	10
0	172	10	11
0	171	10	12
0	172	9	11
0	172	10	11
0	172	9	11
0	172	9	11
0	172	9	11
0	171	10	12
0	172	10	11
0	172	10	11
0	172	10	11
0	172	9	11
-0.9799881	172.96718	17.164673	10.276059
0	171	10	12
-0.022586823	173.0085	16.031704	10.267233
0	172	9	11
0	172	9	11
0	172	10	11
0	172	9	11
0	172	10	11
0	172	9	11
0	172	10	11
0	172	9	11
0	172	8	11
0	172	8	11
0	172	9	11
0	172	9	11
0	172	9	11
0	172	8	11
0	171	9	12
0	172	10	11
0	172	8	11
0	172	8	11
0	171	9	12
0	172	9	11
0	172	9	11
0	172	9	11
0	172	8	11
-1.0796852	172.80705	21.335789	10.755149
0	172	9	11
0	172	8	11
0	172	9	11
0	172	10	11
0	172	9	11
0	172	10	11
0	172	9	11
0	171	10	12
0	172	9	11
0	171	9	12
0	171	9	12
0	171	9	12
0	171	9	12
0	171	10	12
0	171	10	12
0	171	11	12
0	171	10	12
-0.923892	172.23618	21.232702	10.943907
0	170	9	13
-1.02841	172.153	21.006489	11.016711
-0.17474365	172.65675	20.855087	10.996029
-0.57640934	172.6575	20.640215	11.016334
-1.1688013	172.2867	20.722147	10.96268
-1.1172562	172.10992	19.717804	11.27211
-0.92857647	172.73877	21.046972	10.8036
0	172	9	11
0	172	10	11
0	172	9	10
-1.1823473	172.69308	20.912443	10.932328
0	172	9	10
-0.64258194	172.7122	21.281193	10.845866
0	172	9	10
0	171	8	11
-0.96972847	172.3653	18.439365	10.774662
0	171	8	11
0	171	8	11
0	172	8	10
0	172	8	10
0	172	8	10
0	172	8	10
0	172	8	10
0	172	8	10
0	172	8	10
-0.8340292	172.84879	21.160612	10.761284
0	172	8	10
0	172	8	10
0	172	9	10
0	172	9	10
0	172	9	10
0	172	9	10
-1.3031845	172.41469	21.046825	10.457619
0	171	10	11
0	171	10	11
1	171	10	11
0	171	10	11
0	172	10	11
1	171	10	11
1	171	9	12
1	172	9	11
