5.0	166.0	16.0	19.0
6	168	15	17
6	168	15	17
6	167	15	18
6	167	16	18
6	167	17	18
7	167	15	17
6	167	17	18
6	167	17	18
7	167	16	17
6	167	17	18
6	167	18	18
6	167	18	18
6	167	18	18
7	168	17	17
7	168	17	17
7	168	17	17
6	168	18	17
6	168	18	17
7	168	17	17
7	168	17	17
7	168	17	17
6	168	18	17
7	168	18	17
7	168	18	17
7	167	19	18
7	167	19	18
7	167	19	18
7	167	19	18
7	166	19	19
7	166	19	19
7	166	20	19
7	166	20	19
8	166	19	19
9	166	20	19
9	166	20	19
9	165	21	20
7	164	24	22
7	164	25	21
7	164	25	21
7	165	25	21
7	164	25	22
8	164	25	21
9	164	25	22
8	164	26	22
9	164	25	22
7	164	27	22
11	164	25	22
13	163	23	23
12	163	24	23
11	163	26	25
13	163	24	24
15	163	23	24
17	163	22	24
17	162	22	25
18	163	22	25
17	162	23	25
19	162	24	25
19	162	24	25
19	162	25	26
20	162	25	26
20	162	25	26
21	162	26	26
22	162	27	26
21	162	27	27
23	162	27	26
24	162	27	27
24	162	28	26
25	162	28	26
25	161	28	28
27	161	28	27
26	161	30	28
30	161	28	28
30	162	28	27
31	162	28	27
32	162	28	27
33	159	29	30
33	160	29	29
33	160	31	29
35	159	31	31
36	159	32	31
37	159	31	30
38	159	32	31
39	158	33	32
41	158	33	33
42	158	33	33
43	159	33	32
44	159	34	32
46	159	34	33
46	159	36	33
48	157	36	36
49	158	36	33
51	158	37	35
53	158	36	35
54	158	38	35
56	158	39	35
57	158	40	36
58	158	40	37
60	157	40	36
62	156	41	38
63	155	43	39
65	155	44	39
68	155	44	39
70	154	46	41
72	155	46	40
74	154	48	41
76	154	48	42
79	154	48	42
81	153	49	44
84	153	50	44
87	152	51	45
89	152	52	46
92	151	54	47
95	151	55	47
98	151	55	48
101	151	57	49
104	150	58	50
107	150	60	49
111	149	61	51
114	148	64	53
118	148	66	54
122	148	65	55
125	147	70	56
129	147	71	57
134	146	73	58
139	145	74	60
142	144	77	62
148	144	78	62
152	144	81	63
159	143	83	65
163	143	87	66
170	142	89	68
176	140	93	71
180	140	98	72
190	139	99	74
197	138	104	77
203	137	109	78
211	136	113	81
221	135	117	83
228	135	125	85
236	134	132	88
248	133	135	90
256	131	143	94
268	130	148	98
278	127	158	103
290	127	166	107
304	124	176	113
318	122	172	116
333	121	156	118
351	119	138	122
