19.0	169.0	23.0	19.0
20	170	22	18
19	170	25	17
22	170	22	19
20	170	26	18
20	171	26	18
23	171	23	19
26	171	24	21
21	170	26	18
20	171	27	19
19	170	29	19
28	170	20	19
29	171	20	19
30	171	19	19
32	170	19	20
33	171	18	20
34	171	18	19
36	173	21	18
35	176	19	15
36	177	19	15
38	175	17	15
40	176	16	15
41	175	16	16
45	175	13	16
17	173	15	11
15	173	15	11
15	172	17	11
16	172	19	10
16	172	19	10
15	172	20	10
16	172	19	10
15	172	20	10
14	172	21	10
14	172	19	10
13	171	23	11
14	171	20	11
14	171	23	11
14	171	25	11
14	172	21	11
13	171	22	11
14	172	22	10
14	172	21	10
13	172	22	11
13	172	22	10
13	172	22	10
12	171	21	11
13	171	23	10
13	172	23	10
13	171	24	12
6	171	17	13
22	173	13	10
21	173	13	10
21	173	13	10
17	144	17	13
1	169	13	14
1	168	14	15
1	169	14	14
0	169	16	14
0	168	17	15
0	169	17	15
0	169	16	14
0	169	16	15
0	169	17	15
0	168	17	16
0	168	17	16
0	168	17	16
0	168	17	16
0	168	16	15
0	168	16	15
0	168	17	15
0	168	17	16
0	168	18	16
1	168	18	16
1	168	17	16
0	168	18	16
1	168	19	16
1	167	19	17
1	168	18	15
1	168	19	16
1	168	19	15
1	168	19	15
2	168	19	16
3	167	18	17
3	167	18	17
3	168	19	16
3	168	20	16
4	168	20	16
3	167	22	18
5	167	21	17
4	167	22	18
5	167	22	17
6	167	21	17
6	167	22	17
7	167	21	17
7	168	22	16
7	168	22	17
8	167	22	18
8	167	23	18
9	167	24	18
10	167	24	18
11	167	24	19
12	166	24	20
