28.0	169.0	19.0	15.0
26	170	22	12
26	170	22	12
26	170	22	12
27	171	22	12
27	171	22	12
27	171	22	12
28	170	22	13
28	170	22	13
28	170	22	13
28	170	23	13
29	170	22	13
30	170	22	13
30	170	23	13
30	170	23	13
30	171	23	13
31	170	23	13
32	170	23	13
32	170	24	13
33	169	24	14
33	170	24	13
34	170	23	14
34	170	24	14
34	170	24	13
35	170	24	14
35	170	24	14
36	170	25	14
36	170	25	15
37	170	25	15
38	170	25	14
38	170	26	14
37	169	26	15
38	170	26	15
38	169	27	16
39	170	27	15
40	170	28	16
41	169	27	16
41	169	28	16
41	170	28	17
43	169	28	16
43	169	28	16
44	169	28	17
45	169	29	17
46	170	29	17
47	169	29	18
48	170	29	17
48	169	29	18
49	169	29	18
50	170	30	18
51	169	30	18
52	169	30	19
53	170	31	19
54	169	31	19
54	170	32	18
55	169	32	19
56	169	32	20
56	169	34	20
59	170	32	19
60	170	33	21
60	169	34	22
61	169	34	21
63	170	34	22
63	170	35	22
65	169	35	22
66	170	35	22
67	169	36	23
68	169	36	23
70	169	36	23
71	169	36	23
72	169	37	23
73	169	38	24
75	169	38	25
77	168	40	26
77	170	39	25
79	169	41	25
80	168	42	27
82	168	42	27
83	169	42	26
84	168	43	27
85	170	41	26
88	169	43	26
88	169	42	26
90	169	42	26
92	169	42	27
93	169	43	27
94	169	44	27
96	170	44	26
97	169	45	28
100	170	44	27
101	170	46	28
102	169	47	29
104	169	47	29
106	169	47	28
107	169	48	29
109	169	49	29
110	170	50	29
113	168	50	31
116	169	50	30
117	169	51	31
120	169	51	31
122	169	51	31
124	169	52	32
127	168	56	34
128	169	54	32
131	168	58	34
133	169	56	32
136	168	57	33
137	169	58	33
141	167	62	37
142	168	59	35
145	169	60	36
148	168	61	37
151	168	62	37
154	167	66	39
156	168	64	38
159	167	65	39
162	168	67	39
165	168	68	39
168	168	69	40
172	168	71	40
176	166	74	44
180	166	76	45
183	168	76	42
186	168	78	42
190	167	80	44
193	168	82	44
198	167	84	45
204	166	90	49
210	166	88	50
213	166	92	51
216	167	92	48
222	167	94	49
227	167	98	51
232	167	101	51
239	166	108	55
243	168	107	53
249	167	111	55
256	167	115	56
262	167	117	56
269	167	123	59
275	166	131	63
283	166	130	61
293	167	138	65
299	167	140	64
308	167	145	64
317	166	151	66
325	166	164	74
337	166	156	74
347	166	145	75
358	166	133	74
368	166	124	79
