86.0	175.0	20.0	10.0
87	175	19	10
86	174	19	12
87	174	17	12
87	175	18	11
88	174	16	12
87	174	19	11
88	174	18	12
88	174	17	12
91	174	15	12
89	174	19	11
89	174	20	12
89	174	20	12
91	174	19	12
91	173	18	12
92	174	19	12
93	173	18	13
93	173	19	13
94	173	18	12
92	173	20	14
92	172	22	13
93	173	20	14
94	173	22	16
95	173	20	14
94	174	20	14
94	173	24	14
97	172	22	15
97	172	24	15
93	173	26	16
92	173	28	16
97	174	25	14
95	173	29	17
102	173	21	15
99	173	25	16
99	171	29	19
91	172	39	19
98	172	34	19
100	173	32	20
105	173	26	20
99	173	33	20
98	173	34	19
105	173	29	19
105	174	30	20
111	171	26	21
106	173	32	21
112	173	26	20
112	173	28	20
108	173	34	21
113	174	31	21
113	173	32	21
115	173	31	21
114	174	33	21
117	174	31	22
117	174	32	21
117	173	34	22
118	174	35	23
119	174	35	23
126	173	31	22
126	173	32	23
127	172	33	25
125	173	36	23
126	174	38	23
125	174	40	24
130	174	39	24
131	174	38	24
132	174	39	24
133	173	39	25
133	174	42	25
136	174	41	25
137	174	41	26
139	174	42	26
142	172	42	28
144	172	43	27
145	172	46	28
147	172	46	28
150	173	44	28
150	174	46	28
154	173	47	29
155	173	48	29
158	172	49	30
157	174	51	29
161	173	51	30
163	173	52	30
164	173	55	31
166	172	57	32
169	173	58	32
171	173	57	33
174	173	59	33
177	174	60	33
180	173	61	34
184	172	62	35
185	173	64	36
189	172	65	37
192	172	68	37
195	172	69	38
197	172	73	40
203	166	76	47
207	169	76	44
210	168	78	46
214	162	80	52
217	169	84	47
221	172	87	46
226	172	90	47
232	173	92	47
238	172	93	49
243	173	96	50
249	170	102	53
255	170	106	56
260	171	109	54
268	171	114	56
274	172	116	56
279	171	123	60
288	170	128	64
298	171	134	65
305	170	139	69
308	171	150	67
321	170	156	73
330	171	162	76
341	170	150	79
