172.0	191.0	16.0	15.0
171	192	14	16
168	197	15	16
165	204	14	16
157	211	16	16
156	215	14	17
156	233	10	11
159	215	11	13
155	229	10	12
155	229	11	12
155	229	11	12
154	230	12	11
155	230	11	11
155	233	11	11
155	229	10	12
155	229	11	12
152	229	11	12
152	228	12	13
117.654625	217.32039	16.867086	16.05773
121	222	16	15
127	227	15	14
129	231	16	15
131	223	17	17
136	216	17	17
137	213	17	18
136	211	18	18
134	211	19	18
131	214	16	16
127	215	17	16
121	222	16	14
118	225	16	16
114	231	16	14
110	234	16	13
106	228	16	14
105	222	16	16
103	220	16	16
97	217	16	16
98	219	16	16
99	224	16	17
100	228	17	17
102	230	16	16
104	224	16	16
105	221	17	17
106	219	18	17
107	220	18	16
107	222	17	17
105	228	16	15
103	234	17	14
102	226	16	15
102	221	16	18
101	217	17	17
99	215	16	17
99	213	16	17
100	213	16	17
102	214	16	17
104	217	16	17
112	221	18	18
122	228	17	17
127	230	16	16
134	222	16	18
140	218	16	17
145	216	15	16
151	212	15	15
154	205	16	19
159	207	15	16
163	202	17	17
166	201	18	17
169	201	16	13
172	197	17	13
176	194	15	15
177	194	13	15
177	194	14	15
175	197	16	16
171	201	16	16
169	203	17	18
164	210	17	18
159	218	15	17
157	224	12	16
161	216	10	9
142.5061	226.98235	15.18944	16.086447
162	215	11	13
160	214	13	15
160	215	14	15
161	214	13	15
160	214	14	16
161	214	14	14
161	213	15	15
161	208	16	19
161	209	16	17
159	206	17	20
159	207	17	19
123.91188	174.9389	18.413021	16.729374
159	199	17	22
159	200	17	20
158	199	17	21
158	200	17	19
129.56258	188.16551	15.080788	12.93063
129	193	16	15
129	203	17	17
130	209	17	18
151	195	21	20
153	197	19	18
154	197	17	17
153	196	19	19
153	201	17	17
130	204	15	16
129	196	17	18
130	189	15	16
130	185	16	16
129	181	15	16
129	178	15	15
130	176	15	16
128	175	15	15
128	175	15	16
128	176	15	15
127	178	17	16
130	181	14	16
132	186	14	15
133	192	16	17
136	198	18	19
138	209	15	16
144	204	13	14
145	215	11	12
148	225	15	16
150	215	15	16
154	208	16	17
157	203	14	16
159	195	15	15
163	190	14	15
165	185	15	14
167	180	14	15
170	176	14	15
170	174	14	15
170	172	15	16
171	170	13	15
170	171	13	14
169	170	15	16
163	170	18	18
164	175	15	14
164	180	10	13
147.22908	142.14479	12.924846	12.345867
151	200	14	14
150	204	15	15
148	211	13	13
133	221	14	14
129	228	14	14
126	220	16	15
122	210	16	17
119	203	19	18
116	197	19	20
132.99103	146.28807	13.579348	13.643519
110	186	17	17
106	181	17	18
106	181	16	16
102	177	17	17
100	176	18	16
99	176	16	16
120.21408	151.3066	14.039437	14.696015
118	152	14	14
117	154	14	14
117	155	14	14
117	156	14	15
117	157	14	15
117	159	14	15
117	159	14	14
119	160	13	14
119	161	13	14
119	161	14	15
120	162	14	14
121	162	14	15
123	162	14	15
124	162	15	15
127	162	14	15
129	162	14	15
129	162	13	15
132	163	14	14
132	162	14	16
133	164	14	15
133	164	13	15
135	165	13	15
136	165	13	16
136	165	13	15
136	165	13	15
138	165	13	16
139	164	14	15
137	163	17	17
140	162	16	15
142	160	14	13
142	159	15	14
142	158	15	14
142	158	15	14
140	159	17	18
137.65613	161.00931	33.486137	31.822397
162.9936	203.64328	17.570461	17.143503
150.60631	216.042	17.790796	15.945691
135.19327	228.55989	18.78064	15.833801
124.11052	227.46638	17.104795	17.50158
115.104546	217.20328	17.3679	17.483728
107	208	18	18
103	196	21	22
101	197	18	17
102	189	22	20
104	192	16	15
109	195	13	16
109	202	15	16
114	213	17	17
118	228	16	17
122	227	15	16
123	214	17	18
125	210	17	18
131	213	16	17
141	222	16	17
150	233	16	15
158	222	16	17
163	215	16	16
166	210	17	16
170	207	16	16
167	209	17	16
160	214	16	17
150.28761	226.1214	16.27084	18.690414
140.24962	226.80853	16.996748	15.817772
129.29718	215.00742	17.335913	17.251873
121.97804	206.15218	19.073694	18.17087
205	200	16	19
116.972916	194.03046	14.280071	14.61451
108.53069	188.64488	16.986284	18.462202
108.068085	184.79803	16.308922	15.69767
179	194	16	15
106.55873	180.73227	16.425184	14.576895
211	194	16	18
220	199	13	15
107.7372	189.25813	16.353392	17.977985
106.280975	196.53235	15.796447	20.133768
108.676636	215.98062	16.488886	15.770895
194	202	13	13
210	196	10	13
211	196	13	14
186	197	14	16
186	202	14	13
186	203	13	12
183	199	12	12
186	202	12	11
186	203	11	10
185	202	11	12
183	198	11	12
182	198	12	12
163	203	16	16
166	198	15	15
169	195	14	14
170	191	13	14
171	189	14	15
170	187	15	18
178	197	13	13
165	192	12	12
178	197	12	12
174	189	14	20
177	197	12	12
174	196	12	13
174	195	12	14
174	198	11	12
171	195	14	14
171	196	13	13
167	189	13	19
172	198	10	10
168	196	11	11
167	196	11	11
166	197	11	10
161	194	14	15
160	194	13	13
159	194	14	14
154	192	16	17
153	193	15	15
153	193	14	15
149	189	14	18
149	193	13	14
148	194	12	13
145	194	12	14
145	195	10	12
138	191	14	14
125	208	17	18
125	208	16	17
124	207	18	20
125	210	16	16
127	215	13	14
112.04462	178.93054	19.087133	22.690859
104	196	10	11
128	215	14	16
99	214	16	17
102	204	16	17
106	199	16	16
107	195	16	16
112	194	16	16
113	196	16	16
112	203	18	18
113	214	16	17
133	208	14	15
112	213	16	16
111	203	16	17
112	199	15	16
113	196	15	15
114	194	14	13
113	191	16	16
112	190	18	18
116	190	16	16
118	191	15	15
123	197	13	14
128	199	16	16
122	179	11	13
148	200	9	9
140.42226	156.52219	12.412099	11.585084
141	156	12	11
141	155	12	11
142	155	12	11
144	154	12	11
145	153	12	11
146	151	12	11
147	151	12	11
148	151	12	11
147	151	12	11
145	152	12	11
142	152	12	11
140	152	12	11
136	153	12	12
133	153	12	12
130	154	12	12
126	155	12	12
124	154	12	11
121	153	12	12
120	153	12	12
118	152	13	13
117	151	13	12
116	150	13	12
114	150	14	12
114	150	13	12
114	151	13	12
113	151	12	12
112	151	13	12
111	150	13	12
110	149	13	13
111	149	13	12
110	146	13	14
111	145	13	14
110	146	13	13
111	144	13	13
111	145	12	13
111	144	12	13
112	145	11	12
112	145	12	13
112	145	11	13
113	146	11	13
113	147	11	13
114	148	11	13
114	150	11	12
117	151	10	12
117	152	10	11
119	152	11	12
120	154	11	11
122	155	10	11
124	156	11	11
125	157	11	10
127	157	11	10
130	158	11	10
131	159	11	10
133	160	11	11
134	160	12	11
135	161	11	11
134	161	12	11
134	163	11	12
134	163	11	12
134	164	11	12
134	163	11	12
133	163	12	12
133	164	11	12
132	163	11	12
133	165	11	12
133	164	11	12
133	164	11	12
134	164	11	12
135	164	12	12
136	165	11	12
139	165	11	11
140	165	11	11
141	166	11	11
141	165	11	11
140	166	11	11
139	166	11	12
138	166	11	12
137	168	12	11
136	169	12	11
135	168	12	12
135	169	12	12
134	169	12	11
133	168	12	12
133	166	12	12
134	165	12	13
134	163	12	13
134	162	12	12
134	162	12	11
134	161	12	10
134	160	12	10
134	158	12	10
135	157	11	10
135	156	11	10
136	156	11	10
136	155	11	10
136	154	12	10
137	155	11	9
139	155	11	10
139	155	11	9
139	155	12	10
140	156	12	10
141	157	11	10
143	157	11	10
143	157	12	9
144	157	11	10
144	157	11	10
145	157	11	10
145	157	11	10
144	158	11	10
142	160	11	10
142	160	12	10
141	160	11	10
140	160	11	10
140	159	11	10
139	159	12	11
140	158	11	10
140	159	11	11
140	158	11	11
142	159	12	11
143	159	11	10
145	160	12	10
147	160	11	10
152	160	11	10
155	160	12	11
158	162	12	11
161	162	12	11
164	161	12	13
167	162	13	13
168	163	13	12
168	163	13	12
169	164	13	13
169	164	14	13
169	168	15	13
171	170	14	13
175	172	13	12
179	172	14	15
184	174	13	11
188	174	14	13
191	176	14	11
192	175	13	14
192	175	13	16
191	176	14	16
172.02238	173.88025	43.76894	34.361744
210	210	12	13
212	210	14	14
214	219	13	13
216	217	12	12
216	208	13	13
210	214	11	12
220	200	12	11
220	192	13	12
222	189	10	9
208	214	11	13
218	180	15	13
178.81662	181.64914	59.23279	43.428463
181.94762	161.35419	49.284904	72.094246
189.48569	158.58942	37.38097	74.70083
187	179	14	15
177	179	14	12
174	180	12	12
171	183	12	12
170	189	12	12
173	199	13	12
174	206	13	15
176	219	14	15
179	218	14	14
183	207	13	13
186	197	15	16
189	207	16	14
190	203	13	13
195	182	15	11
173	179	12	12
184	197	11	13
180	199	14	13
178	200	13	13
178	202	13	13
177	201	15	14
175	201	14	15
175	190	13	14
168	204	14	14
158	217	14	14
172	207	13	13
172	204	14	14
169	204	15	15
169	204	14	15
169	208	13	12
167	203	15	15
177	220	10	11
135.72302	215.96986	14.871969	14.870505
167	218	10	11
134.03726	209.88956	14.505088	15.768343
166	208	12	12
166	210	11	11
159	201	15	17
135	205	14	13
136	210	15	15
137	219	14	13
141	222	16	15
142	216	15	15
144	211	15	15
146	208	14	15
145	210	14	14
138	217	15	15
142	202	14	16
129	215	15	16
125	207	15	17
124	207	15	17
125	206	14	17
131	213	15	15
138	224	13	12
142	216	15	16
147	210	14	14
153	206	14	13
156	202	15	13
158	199	13	13
159	197	13	13
158	201	14	14
147	207	15	15
143	217	13	15
150	200	12	11
150	203	12	15
148	209	13	13
149	209	11	13
148	210	12	13
145	210	12	14
144	216	11	13
143	216	12	12
149	204	13	14
144	216	11	13
145	217	11	12
108.74036	197.88722	14.100495	15.819958
109	209	16	16
112	224	14	14
112	214	15	15
115	200	15	18
116	195	14	13
116	188	13	13
117	180	16	15
117	175	16	15
119	172	16	16
120	167	15	14
122	164	15	12
126	161	14	15
130	158	15	15
135	158	14	14
138	161	15	14
143	167	15	14
149	175	16	14
154	189	13	13
155	201	15	15
159	214	15	15
162	218	14	14
162	205	14	15
162	196	15	14
164.32283	184.11302	14.2080965	14.954859
157.12715	178.24574	20.730835	12.989364
164.74274	170.9454	14.24926	17.0749
165.63997	165.58778	14.364498	15.244162
161	229	9	8
166.053	159.28699	13.230426	15.243595
164.84511	157.34044	13.090107	15.306127
165.06061	159.85632	13.179177	13.373097
164.67606	160.51515	13.102671	14.411157
148	205	12	12
146	204	15	14
149	204	14	15
149	204	14	15
148	203	16	16
146	205	14	13
142	215	13	13
148	203	16	16
143	205	15	14
144	203	15	16
143	201	16	16
142	201	16	16
140	202	14	14
140	203	15	15
142	201	16	17
139	202	15	15
139	204	15	14
138	204	16	14
139	204	14	14
138	203	16	15
137	204	17	15
138	204	16	14
138	204	15	14
138	207	13	14
141	202	17	17
142	203	16	15
142	201	16	16
142	201	14	15
142	201	16	16
142	202	18	17
142	202	18	17
144	203	13	14
147	195	17	17
148	202	15	15
148	204	16	15
148	203	17	16
148	202	17	17
154	190	16	17
149	209	16	14
141.92032	158.69162	13.497312	11.717733
154	209	14	15
152.49818	173.63466	14.8371	12.550452
158	186	14	12
164	197	12	12
168	210	14	15
152	203	14	17
174	211	15	15
176	200	14	15
152	203	13	14
179	178	16	16
182	172	11	12
182	165	14	14
185	160	14	13
185	156	13	13
186	153	14	13
186	151	15	13
186	150	15	14
184	151	16	15
184	155	16	14
184	157	16	18
185	162	16	17
186	170	14	16
189	179	12	15
163.12361	181.9234	18.740675	21.662817
164	189	11	12
164	190	9	11
160.34993	223.30943	13.735681	13.651466
152.28964	217.81674	14.424359	14.014686
144.98538	207.14072	14.87187	15.848182
139.52518	199.72787	15.032449	14.7156315
133.53156	194.9609	13.89006	11.879935
127.0527	187.94267	13.68348	14.338539
121.91708	182.71257	13.967317	14.222335
113.96446	179.26271	16.868196	14.943242
110.7886	170.50229	25.319853	21.478567
102.52818	180.7127	14.69503	13.911091
99.77211	186.69176	14.181303	16.464184
102.522675	197.90918	23.347237	13.033178
101.41863	206.98953	17.60527	20.94963
103.83011	226.3912	14.53315	14.88172
105.37775	213.9123	15.346587	15.454703
107.006195	204.49524	15.522121	15.640042
105.81473	200.63237	19.881659	18.965109
110.55649	196.80093	14.349803	13.960521
113.53709	194.41344	14.344858	13.516242
115.3924	191.14215	14.03208	15.229621
116.76266	188.96985	13.8624735	15.474459
115.961754	187.20056	14.169878	15.02301
115.26238	183.85635	14.716479	16.23365
113.250984	180.81107	16.437727	16.152166
115.75384	178.51186	15.446886	15.359804
113.37483	175.28827	18.751959	16.77777
117.544304	172.9107	19.823679	17.418163
122.79458	170.92038	16.697556	18.490051
126.039055	171.8273	15.936901	17.750721
128.0692	175.98912	16.114414	14.400827
147	205	12	12
130	198	15	16
131	212	16	16
154	202	15	14
141	220	12	12
137	205	16	16
139	195	14	15
138	184	15	16
138	202	14	15
141	170	13	14
143	164	12	14
143	158	13	15
142	152	15	15
145	149	15	14
148	146	15	14
152	141	15	16
157	135	15	22
163	133	15	23
170	141	15	15
175	145	15	13
180	149	14	12
184	153	15	13
189	160	16	16
196	170	16	15
199	181	16	17
202	198	17	18
205	212	18	19
207	227	15	17
209	213	17	18
209.30151	198.62839	15.617485	17.682701
209.98586	185.83943	15.877422	17.52665
208.75694	179.23688	25.041967	16.354004
211.45107	170.82193	14.224217	12.774209
209.6338	162.9722	14.460285	13.481215
209.47948	157.24496	14.528194	13.591545
209.38135	153.48062	14.127333	14.095564
208.33376	153.77007	14.311623	13.927082
209.29842	157.93806	15.054303	12.940953
211.52121	164.48051	15.132335	13.867407
187	236	10	10
187	235	11	11
187	235	11	11
187	235	11	11
187	236	10	10
188	236	8	8
219.39519	197.715	14.31029	13.211887
185	234	11	11
188	232	12	11
190	228	12	11
194	229	11	12
197	229	12	12
200	230	12	12
191	215	15	15
191	214	15	15
192	214	14	16
191	214	14	15
186.66948	155.73782	15.331885	16.01382
194	235	8	9
196	233	9	10
186.07574	157.64996	15.422728	15.33987
186.6044	156.64545	15.269715	15.394473
185.65794	155.96278	14.84318	15.627196
192	227	13	13
192	229	12	11
181	210	15	13
181	210	14	13
181	210	12	11
178	202	17	18
194	228	9	12
192	224	11	13
187	222	13	14
185	224	12	11
181	224	11	11
149.88474	201.07887	15.8072405	15.654737
151	215	15	15
154	223	16	16
155	211	16	17
156	202	15	14
156	210	16	15
157	211	12	12
156	211	12	12
153	203	17	16
149	201	18	19
156	214	14	15
177.09071	162.70026	14.171896	15.865404
177.36598	162.37791	14.023956	15.419989
176.23471	164.33466	14.67053	14.967307
172	169	14	14
166	175	15	14
165	187	9	11
159.5917	177.9821	27.513847	21.944109
144.91017	210.56822	12.71189	14.23838
134.69588	224.68414	13.696459	12.721353
127.941	219.08	14.869734	12.8028755
114.15522	200.00351	30.54774	20.301594
141	204	12	12
139	203	13	14
138	203	13	13
134	203	15	14
134	204	13	12
133	203	14	14
133	203	15	15
132	203	17	15
132	202	16	16
133	202	17	16
132	202	18	16
132	203	17	16
131	203	17	16
132	203	15	15
