61.0	150.0	11.0	24.0
61	151	10	22
62	150	9	22
61	149	10	23
61	150	12	23
62	151	13	22
68	151	10	22
67	151	12	21
68	152	14	21
72	153	11	21
72	152	12	21
73	152	12	21
75	153	12	21
77	152	11	22
79	152	12	21
81	152	12	21
82	152	12	24
83	152	11	23
84	151	11	23
85	152	11	22
86	153	13	22
88	154	12	22
89	154	12	22
90	154	12	22
92	153	13	22
90	156	13	20
62.011765	152.18352	11.036227	20.873882
61	150	10	22
61	152	11	21
61	151	11	21
61	151	10	22
61	151	10	22
61	151	11	21
61	151	10	21
61	151	10	22
61	151	10	22
61	151	10	22
61	151	10	21
61	150	10	22
61	152	11	21
61	151	10	21
61	151	10	21
61	151	10	22
61	150	10	22
61	151	10	22
61	151	10	21
61	151	10	21
61	151	10	22
61	150	10	22
61	151	10	21
61	151	10	22
61	151	10	22
61	151	10	22
61	151	10	22
61	151	10	21
61	150	10	21
61	151	10	22
61	151	10	21
61	150	10	22
61	151	10	22
61	151	10	21
61	151	10	21
61	151	10	22
61	152	11	21
61	151	10	21
61	151	10	22
61	151	10	22
61	151	11	21
61	151	10	22
62	151	10	22
61	151	10	22
61	151	10	21
61	150	10	22
62	152	10	21
61	151	10	21
61	151	10	21
61	151	10	22
61	151	11	21
61	151	10	21
61	151	10	22
61	151	11	21
61	151	10	21
61	151	10	21
61	151	10	21
61	151	10	21
61	151	10	21
62	150	10	22
61	150	10	22
61	152	11	21
61	151	10	21
61	150	10	22
61	151	10	22
61	151	10	22
61	151	10	22
61	151	10	22
61	151	10	21
61	152	10	21
61	151	10	21
61	151	10	22
61	151	10	21
61	151	11	21
61	151	10	22
61	151	10	21
62	151	10	22
61	150	10	22
62	151	10	22
62	151	10	21
61	151	10	21
61	151	10	21
61	151	10	21
61	150	10	22
61	150	10	22
61	151	10	22
61	151	10	21
61	151	10	22
61	151	10	21
61	151	10	21
61	150	10	22
61	151	10	22
61	151	10	21
61	150	10	22
61	151	11	21
62	151	10	21
61	151	10	22
61	151	10	21
61	151	10	22
61	151	10	22
62	151	10	22
61	151	10	21
61	151	11	21
61	152	10	21
61	151	10	21
61	151	10	22
61	151	10	22
61	151	10	21
61	151	11	21
61	151	10	21
61	151	11	22
62	151	10	22
62	151	10	21
61	151	10	21
61	151	10	22
61	151	10	21
61	152	10	21
61	151	10	21
61	151	10	21
61	150	10	22
61	151	11	21
61	151	10	21
62	152	10	21
61	151	10	21
62	151	10	21
61	151	10	21
61	151	10	21
61	151	10	21
61	151	11	21
61	151	10	22
61	151	10	21
60	152	11	21
61	152	10	21
61	151	10	22
61	151	10	22
61	151	10	22
61	151	10	21
61	151	10	21
61	151	10	22
61	152	10	21
61	151	10	22
61	151	10	22
61	151	10	21
62	151	10	21
62	151	10	21
61	150	10	22
61	151	10	21
61	150	10	22
61	151	10	22
61	151	10	21
61	151	10	22
61	151	10	22
61	152	10	21
61	151	10	21
61	151	10	22
61	151	11	21
62	151	10	21
61	151	10	22
61	151	10	22
61	151	10	22
61	151	10	22
61	151	10	22
61	151	10	22
61	151	10	21
62	150	10	22
61	151	10	22
60	151	10	22
61	151	11	22
61	151	11	22
61	151	10	21
61	150	10	22
61	151	10	22
61	150	10	22
61	151	10	22
61	151	10	21
61	151	10	22
61	151	10	22
61	151	10	21
62	151	10	22
61	150	10	22
61	150	10	22
61	150	10	22
61	151	10	21
61	151	10	21
61	151	10	22
61	151	10	21
62	151	10	22
61	150	10	22
61	151	11	21
62	151	10	21
62	151	10	22
61	151	10	22
61	150	10	22
62	151	11	22
61	151	10	21
61	151	10	21
61	151	10	21
61	151	10	22
61	151	10	21
61	151	10	21
61	151	10	22
61	151	11	22
61	150	10	22
61	151	10	22
61	150	10	21
61	151	10	21
61	151	10	22
61	150	10	22
61	150	10	22
61	151	11	22
61	151	10	22
61	151	10	21
61	151	10	21
61	150	10	22
61	151	10	22
61	151	10	21
61	151	10	22
61	151	10	21
61	150	10	22
61	151	10	22
61	150	10	23
61	150	10	22
61	151	10	22
61	150	10	22
61	150	10	22
61	152	10	21
61	151	10	22
61	150	11	22
61	150	11	22
61	150	10	22
61	150	10	22
61	151	11	22
61	151	10	21
61	151	10	22
61	151	10	21
61	151	11	22
61	150	10	22
61	151	11	22
61	151	11	22
61	150	10	22
61	151	10	22
61	151	10	22
61	151	10	21
61	152	10	21
