94.0	174.0	20.0	12.0
95	174	19	13
98	174	17	13
97	174	19	13
97	174	19	13
98	174	18	13
99	173	17	14
99	174	18	13
99	174	17	12
100	174	16	12
100	173	16	13
94	174	22	12
100	173	17	14
100	173	17	14
102	173	15	13
102	173	15	13
102	173	16	14
103	173	15	13
104	174	15	13
104	174	15	13
104	173	16	14
105	173	16	14
105	173	15	14
104	173	19	14
105	173	18	15
105	173	19	15
105	173	19	15
105	173	20	15
105	173	20	15
107	173	19	15
107	173	20	15
107	172	21	16
106	172	22	17
107	173	22	17
108	172	22	17
107	172	23	17
108	172	23	17
110	173	21	17
109	172	23	18
113	172	21	18
111	172	22	18
113	172	22	18
114	172	21	18
114	172	22	18
115	172	22	18
115	172	23	18
115	173	24	17
117	172	23	18
116	172	25	18
117	172	25	18
118	172	25	18
119	172	24	18
119	172	26	19
119	172	27	20
121	172	27	20
122	170	25	22
122	172	27	19
123	172	27	20
124	173	27	19
125	172	27	21
126	174	27	19
125	173	29	20
125	173	30	20
125	173	32	21
126	173	32	20
130	173	29	21
132	173	30	21
132	173	31	21
134	173	31	21
134	173	32	22
135	172	33	22
135	173	34	22
138	173	32	22
139	173	33	22
140	173	34	22
142	174	34	22
143	173	33	23
145	174	34	22
145	173	34	25
149	173	32	25
147	173	34	26
151	176	28	21
137	169	36	28
94.30914	147.87225	97.49945	66.29628
139.50116	143.2483	68.02638	112.44845
118	171	21	16
119	171	18	16
118	170	19	17
118	170	17	17
169.68852	173.13383	38.70713	28.449009
172.13976	174.588	38.279926	27.06445
168.28337	173.53526	44.757977	27.817644
171.33867	173.73203	45.285736	27.965197
171.87776	173.50926	47.8627	28.337067
175.06721	173.95273	47.556957	28.688448
178.40598	173.56386	47.93682	29.133503
180.6856	173.50517	49.466953	29.25357
149	177	11	10
145	177	14	12
143	176	15	12
142	176	15	12
141	176	15	12
141	176	15	12
141	177	14	10
140	176	15	12
139	176	16	12
139	177	15	11
139	176	15	12
138	176	15	12
138	176	15	12
138	176	14	12
138	176	14	12
137	176	15	12
137	176	15	12
117	172	20	14
136	177	15	11
136	176	14	12
135	176	15	12
135	176	15	11
135	176	15	11
117	172	18	14
133	175	16	12
134	176	15	11
134	176	15	11
132	176	15	11
131	176	16	11
133	176	15	11
129	175	17	12
130	175	16	12
131	176	14	11
130	176	15	11
131	176	14	11
