86.0	125.0	11.0	18.0
85	126	12	16
85	126	13	15
85	126	13	16
86	126	13	16
86	126	13	16
87	126	12	17
88	126	13	16
88	126	13	16
89	126	13	17
89	126	13	17
90	126	13	17
90	126	13	16
91	126	13	17
91	126	14	16
91	126	14	16
92	126	14	17
93	126	14	17
94	126	13	18
94	126	14	17
94	126	14	17
95	127	14	17
96	126	14	17
96	126	15	17
97	127	15	17
97	126	15	17
98	126	15	17
99	126	15	17
99	127	15	17
100	127	15	18
100	126	16	18
101	126	16	18
102	126	15	18
102	126	16	18
104	126	15	19
104	127	16	18
104	127	16	18
105	126	16	18
106	126	17	18
107	127	16	19
108	126	17	19
109	127	17	19
110	127	17	19
111	126	17	19
112	127	17	20
112	126	18	20
113	126	18	19
114	126	18	19
115	126	17	20
116	127	18	20
117	126	19	20
118	127	18	20
119	126	19	20
120	127	18	20
121	126	19	20
122	126	19	21
123	126	18	21
124	126	18	21
125	126	18	21
126	127	19	22
127	126	20	21
129	126	18	23
130	126	20	22
130	126	19	22
133	126	19	23
133	126	19	23
133	126	20	23
136	126	19	24
136	125	20	25
138	127	19	24
140	125	19	26
141	125	19	25
143	125	18	26
144	125	19	26
145	125	19	26
146	125	20	27
148	125	18	28
149	125	19	28
151	123	19	30
153	125	19	27
153	123	21	33
154	125	22	28
154	126	24	28
158	127	19	27
159	121	21	37
163	126	20	27
162	124	23	33
166	125	22	29
165	125	23	30
173	126	18	29
173	125	21	33
172	124	20	33
176	125	21	34
179	124	21	33
180	126	19	32
181	124	21	33
183	125	23	35
183	123	26	37
183	124	27	38
180	123	35	38
183	123	35	39
183	123	37	38
184	122	39	40
192	122	33	40
194	124	31	40
192	123	36	44
202	122	29	45
207	124	28	44
200	123	39	43
213	123	28	44
212	123	33	42
214	124	33	42
215	124	36	42
220	124	33	42
226	122	32	48
229	124	32	47
231	123	32	44
236	124	30	42
242	123	29	46
245	120	29	48
247	124	28	44
253	123	27	47
232.45901	122.249176	56.241016	55.04544
255	124	33	47
261	124	30	47
257	123	40	49
261	122	41	56
272	121	32	52
269	120	38	54
284	123	26	49
288	122	29	49
287	123	35	51
295	124	30	49
267.0871	119.62063	69.92258	64.10881
302	122	35	53
304	121	36	55
310	122	37	56
308	120	45	59
316	122	42	60
327	120	36	59
296.7986	120.94897	80.96676	68.05107
337	122	34	57
335	122	43	58
345	121	40	62
356	122	30	57
319.76157	120.306656	91.542656	73.72189
366	121	39	66
328.82327	119.445435	97.90157	76.01489
333.9242	119.6006	99.72629	75.285645
339.93762	119.48169	103.61208	78.158936
383	121	57	72
405	120	39	67
356.42096	118.68468	108.544685	78.864105
364.00693	117.67715	113.18097	82.132
369.83514	118.04834	96.38267	75.9098
376.63303	118.85296	105.20072	79.36781
382.51236	117.350624	107.098915	78.96794
389.53857	114.8065	102.00989	82.33188
397.32507	113.97074	95.21248	86.91368
404.20624	114.160065	88.26048	83.91687
