112.0	174.0	21.0	17.0
111	174	22	16
111	174	22	15
111	175	22	15
111	174	22	16
112	174	22	15
112	175	21	15
112	175	22	15
111	175	22	15
111	174	22	15
112	174	22	15
111	175	22	15
112	174	22	15
111	174	22	15
112	174	22	15
111	174	22	16
112	174	22	16
111	174	22	16
112	174	22	16
112	174	22	16
112	174	22	16
112	174	23	16
112	173	23	17
113	173	22	17
113	173	22	17
112	173	23	17
112	173	23	17
112	173	23	17
112	173	24	17
113	174	23	16
113	174	23	17
114	174	23	17
114	174	23	17
115	174	22	17
115	174	23	17
115	174	23	17
115	173	23	18
115	174	24	18
115	173	24	18
116	173	24	18
115	173	25	18
115	173	25	18
115	173	25	18
115	173	26	18
115	173	26	18
116	173	25	18
116	173	26	19
118	172	25	20
117	173	26	19
118	173	26	18
117	173	28	19
119	173	26	18
120	173	26	19
120	173	26	19
119	173	28	18
120	173	27	19
121	173	26	19
122	173	26	19
123	173	25	20
123	173	26	20
123	174	26	19
123	173	27	21
124	173	27	20
124	173	28	20
124	174	30	20
124	174	30	20
126	173	28	20
126	173	29	21
127	174	29	20
128	174	28	20
128	173	30	21
128	173	31	21
129	173	30	21
129	173	31	21
130	173	31	21
130	173	32	22
130	174	33	21
130	173	34	22
131	174	33	22
134	173	32	23
135	173	32	23
135	172	33	24
136	173	34	23
136	173	34	23
137	173	33	23
137	173	36	23
137	173	37	23
139	173	36	23
140	173	35	24
140	173	36	24
141	173	37	24
142	172	37	25
143	173	37	25
144	173	38	25
145	173	39	25
146	173	39	25
147	173	39	26
148	172	40	27
148	173	41	26
149	173	42	26
151	173	42	26
152	172	42	27
154	173	42	27
155	172	43	28
156	173	43	27
157	172	43	28
159	172	43	29
160	172	44	29
161	172	45	29
162	172	45	29
164	172	46	29
166	172	47	30
166	172	49	30
168	172	50	31
170	172	49	31
172	172	50	31
173	172	52	32
174	171	53	33
176	171	54	33
177	171	55	34
178	171	56	35
181	171	56	35
183	171	56	35
185	171	58	35
186	170	59	37
188	171	61	36
190	170	63	38
193	170	63	38
195	170	64	39
197	170	65	39
199	170	67	40
202	170	68	40
205	170	70	41
207	170	72	42
210	170	72	43
213	170	75	43
216	170	76	44
218	170	78	44
222	170	79	45
225	170	82	46
228	170	84	46
232	169	87	49
236	169	88	50
239	169	91	50
242	169	94	52
247	170	95	52
250	169	99	55
255	169	102	56
259	169	106	58
264	169	111	59
270	169	112	60
274	169	117	61
280	169	121	63
286	170	125	64
291	170	132	67
296	170	138	69
302	170	143	71
311	170	148	73
316	170	153	76
323	171	158	77
333	170	158	82
342	170	149	80
350	171	143	82
359	170	134	83
