326.0	143.0	21.0	49.0
325	143	19	44
328	143	19	46
329	144	17	43
331	143	16	43
332	143	16	47
333	144	18	47
333	142	18	48
336	142	16	48
336	143	17	48
335	144	19	47
338	146	19	48
338	145	20	48
340	145	20	46
341	145	20	45
344	146	19	46
347	145	18	46
349	145	16	46
350	145	16	46
350	143	17	48
352	144	17	48
355	145	16	47
357	145	15	47
358	145	16	47
358	147	21	45
360	148	17	44
361	148	18	43
363	148	17	44
364	148	18	44
363	148	25	44
366	146	21	46
369	146	18	47
372	148	15	44
374	148	17	45
375	150	17	42
376	147	16	46
375	146	17	48
378	148	18	46
378	148	20	46
379	146	20	49
380	150	21	45
382	149	21	45
387	150	16	44
389	150	15	44
390	148	16	46
391	148	16	46
394	148	15	46
394	149	16	45
396	149	16	46
397	151	15	43
398	151	16	44
402	151	14	44
402	150	17	44
403	151	19	46
406	151	18	45
407	151	17	46
409	150	17	47
411	152	16	46
414	152	14	44
416	152	16	45
416	150	17	49
417	153	18	45
417	152	19	45
416	151	22	46
416	152	25	46
419	151	24	48
420	152	24	46
423	152	23	46
430	153	17	45
433	152	17	47
435	153	16	45
437	153	16	48
439	155	15	45
440	153	16	48
441	154	16	48
442	153	18	46
445	155	18	46
446	153	22	47
451	151	20	53
454	151	18	54
454	151	19	53
457	153	16	52
458	154	16	51
457	153	17	51
454	150	19	57
453	149	19	54
451	149	20	55
449	149	22	58
446	148	20	50
444	150	21	49
443	149	22	52
440	149	23	48
437	148	23	46
438	150	21	42
436	149	22	48
437	150	20	44
434	150	21	45
431	148	20	46
427	147	24	54
426	146	23	46
425	146	21	48
424	146	20	46
423	148	20	44
419	147	22	46
419	149	20	42
419	149	19	43
416	148	23	50
416	149	22	48
416	151	23	45
412	146	20	46
408	145	25	49
406	147	26	50
402	145	21	47
397	145	22	46
393	145	25	46
384	145	27	47
378	145	29	47
367	145	28	46
359	144	24	46
351	142	27	49
339	141	25	49
328	140	22	51
315	139	22	49
306	139	20	48
297	139	19	48
290	140	20	47
281	138	24	50
275	139	23	49
268	139	25	52
261	141	26	50
259	141	22	47
252	140	23	48
248	140	24	49
244	141	23	48
240	140	21	46
236	139	19	46
228	138	21	48
223	138	21	47
216	139	20	48
209	138	24	46
204	139	23	48
198	140	26	45
196	141	23	43
190	140	20	46
182	139	25	48
176	138	24	47
171	138	22	47
165	138	21	47
181	100	13	39
125.58882	156.40492	19.230125	28.434696
120.36742	157.9896	19.527555	27.385227
115.7591	155.4328	20.221119	28.954601
108.96982	153.07181	19.978544	30.695408
101.84633	153.01309	21.51469	32.602688
113.829056	138.69576	22.294071	45.371674
94.213135	140.36288	34.54916	45.832756
84.599304	139.82812	28.29182	45.695484
83.47252	138.2104	26.328339	46.52604
76.45089	136.82733	25.155945	50.92468
72	140	19	48
60	139	21	48
49	139	19	50
36	138	21	50
28	139	21	49
22	139	22	49
17	141	25	48
2	138	25	48
0	139	31	49
-2	138	26	51
1	136	16	54
1	92	12	46
-1.7863426	152.80936	29.779198	39.576656
-3.5452461	149.1776	50.054085	51.70287
24.20252	151.7278	25.877262	25.24587
34.098324	148.63739	39.41584	39.37963
62.502808	153.9711	24.320972	22.625536
56.6837	152.48788	24.279423	24.956738
38.33786	151.05432	36.418415	36.838177
25.647549	152.61456	52.84443	44.39591
8.979092	214.4645	22.54908	19.273561
2.277728	213.1548	19.866068	18.845911
-0.22547436	209.91513	18.098059	23.536434
0.5888696	217.08705	13.457538	15.3967085
0.35771847	216.34744	8.6701145	15.078229
-0.85719967	218.63416	5.7374096	15.5539255
-3.1829023	211.10017	27.893442	31.770922
3.3842945	209.16353	49.970715	43.378807
8.987125	137.73547	73.49409	63.135464
55.073822	130.94983	75.09192	87.56138
187	147	17	36
178	149	20	36
173	147	20	35
147.55275	146.8712	100.17863	60.581264
231	139	20	48
227	136	19	49
226	135	23	51
265	140	21	41
226.44054	155.00906	59.00052	36.5356
302	143	20	37
294	141	17	41
207.6745	154.48906	26.630922	29.11336
207.0544	144.32181	23.953672	42.156357
355	138	12	40
201.24896	140.85683	23.9085	44.601402
347	138	13	39
208.78104	151.05484	42.977436	31.232082
207.6679	133.13008	19.274187	51.98919
204.04408	135.14081	20.242647	48.78065
203.03598	136.97446	35.04932	47.121628
200.77359	135.6404	38.375175	47.957
202.32133	149.31377	40.387684	33.95675
200.02794	135.94077	24.018635	48.978893
200.45695	132.93596	27.727156	52.713856
199.6758	136.42416	31.231544	50.11725
197.3243	142.01927	40.28125	43.04237
413	57	10	20
195.539	137.25554	35.81701	45.026943
196.68439	133.78374	31.785212	45.8876
191.20778	134.10576	35.306213	44.791042
199.98608	134.9658	24.913406	34.214428
203.39502	133.73459	20.556156	37.103226
202.67247	137.37817	18.311625	28.191418
197.39374	137.46379	19.59211	29.104946
200.70471	138.69731	15.00618	23.7409
199.54402	139.66742	12.214557	20.550224
199.56523	139.35121	9.92342	19.520977
197.47577	137.8284	10.64322	20.421555
193.96162	136.23978	11.766718	20.731033
192.12302	137.38855	11.216267	19.343403
188.85272	132.32047	10.112968	22.187603
358	52	10	23
182.25877	131.41936	10.747106	22.81415
346	52	10	22
173.94402	136.59221	11.797375	19.461456
172.38252	132.22495	19.530901	22.603897
168.659	132.01056	18.49565	24.865086
167.18192	131.38893	15.855483	24.030025
163.21982	134.18628	14.902149	22.238459
157.92258	130.95177	14.653599	25.355442
155.50475	119.19235	15.128431	35.48847
149.49814	112.73979	19.700918	44.40891
148.88588	130.09569	20.175148	28.60549
146.47906	131.04254	17.65715	26.111568
140.72627	130.51881	22.115273	28.171028
137.6697	134.17441	22.761415	24.171204
134.87556	129.10596	31.329304	32.334396
132.7821	115.3285	23.775925	41.04582
147	131	15	38
142	131	19	43
144	133	20	42
145	132	17	39
145	131	17	41
145	132	15	38
146	130	16	42
147	137	15	33
146	130	18	42
146	133	19	40
146	128	20	44
146	129	19	48
149	127	15	35
151	127	13	35
150	127	17	40
158	128	24	45
163	129	19	42
151	130	19	40
153	128	14	38
153	130	15	37
152	126	18	44
151	126	17	44
153	124	22	47
150	125	23	49
151	126	29	47
152	125	22	47
152	125	23	48
149	122	24	48
151	125	20	47
152	121	17	49
155	121	15	49
153	120	14	48
154	120	15	49
153	119	19	51
151	120	18	50
149	122	21	47
149	118	24	52
148	121	25	48
149	117	22	51
151	119	21	48
152	119	19	48
153	117	18	52
152	118	17	51
154	117	14	50
155	118	15	50
156	118	15	48
154	119	17	48
152	119	19	48
150	118	23	49
148	115	22	51
147	116	23	48
147	116	23	50
149	116	20	47
151	113	18	49
150	116	18	48
153	116	17	48
151	117	18	49
145	115	18	50
139	116	17	51
130	119	20	48
120	120	19	45
105	119	23	48
90	120	24	50
76	129	24	41
74	124	22	48
76	121	16	47
69	119	17	50
66	120	17	49
65	124	19	47
63	122	15	44
61	124	18	47
60	120	15	48
57	121	17	48
54	120	17	48
49	122	17	47
44	123	22	50
43	120	14	42
39	119	15	40
34	117	16	41
34	119	13	36
31	118	11	22
29	118	10	19
26	120	10	17
17.940763	119.35672	18.294254	24.591925
18	120	13	19
18	118	18	19
9	113	24	26
14	115	28	34
24	114	28	35
12.57703	89.15181	80.94469	87.626274
1.8152351	116.57224	48.472466	40.651783
51.623276	85.48152	34.331726	72.22457
41.763382	74.11666	83.21869	95.68083
81.36432	209.07962	42.020363	53.013084
86.658325	213.7264	28.21787	47.215794
44.255276	185.95279	72.291695	63.15473
76.838264	213.34262	30.651413	44.805508
50.317863	185.2174	70.52272	73.357185
42.682648	189.09311	96.1311	83.024994
222.16702	134.95726	35.13835	61.556225
225.39705	133.79323	88.55026	77.175934
219.01132	146.75948	38.41173	54.50674
227.83107	149.41011	23.862389	49.389736
228.13739	149.78586	22.646046	48.12323
228	150	22	47
227	149	22	48
227	150	22	47
227	147	22	50
227	150	21	48
225	149	22	48
224	150	23	47
225	150	21	47
223	148	22	48
224	150	20	48
224	150	21	47
224	149	22	47
225	151	20	46
225	149	19	47
225	150	20	47
225	149	21	47
224	149	24	47
224	148	25	49
224	146	24	49
225	148	22	49
225	147	25	48
225	145	25	54
239	103	20	43
237	105	19	41
225	145	22	54
226	145	23	45
227	147	20	38
226	146	25	52
227	144	25	50
227	145	26	51
227	131	23	65
224	127	26	68
223	112	28	84
225	109	28	73
226	137	24	62
223	126	30	66
221	122	31	74
227	145	24	52
223	138	30	43
226	146	26	51
210	103	25	43
211	104	23	44
211	104	23	45
208	103	24	44
204	106	26	41
202	107	28	41
202	107	24	41
200	104	28	43
200	106	25	42
