382.0	150.0	28.0	27.0
382	149	26	28
383	150	27	28
382	149	26	28
382	149	26	28
381	149	26	28
381	149	26	27
381	148	26	28
382	149	27	28
382	149	26	28
381	148	26	28
381	149	26	28
382	149	27	28
382	148	26	28
381	149	26	28
382	149	26	28
382	149	26	27
382	149	26	28
381	149	26	28
381	149	26	28
381	149	26	28
382	149	26	28
381	149	26	28
382	149	26	27
381	149	26	28
382	149	26	28
382	149	26	28
382	149	26	28
382	149	26	28
382	149	26	28
382	149	26	27
381	149	26	28
382	149	26	28
382	149	26	28
383	148	26	28
383	148	26	28
384	148	26	28
386	146	27	30
385	146	26	28
385	146	26	27
385	146	26	27
385	146	26	28
385	146	25	27
385	146	26	28
385	146	26	28
385	146	25	27
385	146	26	28
386	146	26	27
386	146	26	27
385	146	25	28
385	146	26	27
385	146	26	27
385	146	26	27
385	146	26	27
385	146	25	27
386	146	26	28
385	146	26	27
385	146	26	27
385	145	25	28
385	146	26	27
385	146	26	28
384	145	26	28
384	146	26	27
385	145	26	28
385	145	26	28
385	146	26	28
385	146	26	28
385	146	26	28
385	146	26	27
385	146	26	28
385	146	26	27
385	147	29	29
385	146	26	28
385	146	27	27
384	147	27	27
384	150	27	24
386	148	27	26
387	147	27	28
385	147	28	30
385	147	29	29
386	147	29	29
386	147	28	30
387	147	29	30
391	147	28	31
391	146	27	28
387	147	28	29
383	144	28	30
376	143	28	30
367	144	29	31
354	144	40	31
330	125	57	59
326	133	54	47
331	144	33	32
284.61807	69.77685	30.58944	30.97511
283.33432	70.61313	31.677723	30.53195
328	129	29	28
329	129	28	28
327	129	28	29
327	129	27	29
303	147	30	32
303	145	32	34
304	146	30	32
303	146	33	34
303	143	31	34
303	146	31	34
301	143	37	39
304	145	30	33
303	146	31	32
304	147	30	31
304	147	30	31
303	147	31	31
304	147	30	31
304	148	30	30
304	147	30	31
303	147	32	31
304	147	31	30
304	147	31	30
304	147	31	31
304	148	30	30
305	147	31	31
305	149	29	29
305	151	26	27
305	150	24	27
284.03537	71.02074	30.394611	29.166817
299	150	27	30
297	150	30	30
297	149	30	31
297	148	30	32
296	148	32	33
297	149	30	31
297	149	29	30
296	148	30	32
297	149	28	30
297	149	29	30
297	149	29	30
297	149	29	30
297	149	29	30
296	149	30	31
297	149	29	31
297	149	29	31
297	148	29	31
296	148	30	32
297	149	30	31
297	149	29	31
297	148	29	32
297	149	30	32
296	149	31	31
296	150	31	31
297	150	29	30
297	150	30	31
296	149	31	31
296	149	31	31
297	150	30	31
297	148	30	32
296	148	32	33
297	148	30	32
296	148	31	32
297	150	29	30
297	149	29	31
297	149	29	30
297	150	28	29
297	149	29	29
297	149	29	30
296	149	30	31
297	150	30	30
297	150	29	30
297	150	29	30
297	149	29	31
297	149	29	31
296	148	30	33
297	149	29	31
297	149	29	30
297	149	30	31
297	149	29	31
297	148	29	31
297	149	29	31
297	149	28	30
297	149	29	31
296	149	31	33
297	150	30	30
296	149	32	31
297	149	30	31
297	150	29	30
296	151	27	28
291	152	28	28
289	153	27	27
289	153	27	27
289	153	27	28
289	152	28	29
289	152	27	29
289	152	27	29
288	152	28	29
288	152	28	29
287	152	29	29
288	153	27	28
287	152	28	29
288	153	27	27
287	152	28	30
287	152	28	30
288	153	27	28
288	154	26	26
287	153	28	27
288	153	27	28
288	153	27	27
288	154	27	28
289	156	27	27
290	156	28	29
293	160	26	28
296	165	27	27
296	166	28	28
296	167	28	27
295	164	27	29
292	164	30	30
293	165	30	29
294	167	30	30
295	169	29	30
297	171	27	30
298	184	30	32
326	171	28	27
328	172	27	29
302	191	28	30
312	213	31	33
313	214	29	31
303	196	27	28
314	219	31	33
314	219	30	32
315	219	29	32
314	218	31	34
314	219	30	32
314	219	30	32
314	220	30	31
315	219	29	32
314	218	30	31
315	216	29	31
303	197	28	28
304	197	27	28
316	215	28	34
303	196	28	29
317	217	28	31
317	218	27	30
316	218	29	32
304	198	27	27
304	197	27	28
304	197	28	29
305	195	34	40
307	199	32	37
277.29404	74.16514	27.38577	30.502008
321	203	19	22
304	196	24	24
303	197	23	23
302	197	24	24
302	197	25	25
276.5515	71.74253	29.875391	31.076735
273.3495	69.66155	32.069443	29.33784
312	206	17	20
268.34454	70.07059	30.479122	28.277922
313	200	19	23
300	186	18	20
300	183	25	23
316	199	21	24
300	187	22	22
287	162	27	30
285	163	28	28
300	187	26	27
287	166	26	27
289	167	27	27
259.76926	55.5968	30.023361	36.14694
259.35278	55.168205	30.718008	37.242844
295	178	26	28
294	177	27	29
294	177	27	29
294	177	27	29
294	177	27	29
293	177	28	29
294	177	27	29
293	177	29	30
306	203	26	28
293	176	29	30
294	177	27	29
293	176	29	31
294	178	27	27
292	175	27	29
291	175	29	29
292	174	28	29
304	201	26	26
291	174	28	30
293	176	28	27
291	174	28	30
294	176	23	28
293	174	24	29
290	171	27	29
292	170	26	28
291	171	26	27
257.39572	56.291927	29.823374	36.701393
257.21472	56.871254	30.335785	36.107914
257.47342	55.768257	29.872799	37.66505
256.90466	55.915657	31.140614	37.209057
329	196	25	26
329	196	26	28
328	195	27	28
327	194	29	30
327	194	29	29
327	195	27	29
327	195	28	28
327	194	28	31
326	193	30	32
328	195	26	29
327	194	28	31
327	195	27	28
327	196	27	27
327	195	27	29
328	194	27	30
327	196	28	29
327	195	28	29
326	195	29	29
327	193	28	31
328	194	28	31
327	194	29	30
327	194	29	30
327	195	28	29
328	193	27	30
328	195	26	29
327	192	29	33
327	195	27	28
328	196	27	28
327	195	28	30
328	195	27	28
327	195	26	27
327	194	28	30
327	193	28	31
327	193	28	30
328	195	27	29
326	194	29	30
328	195	26	28
328	196	25	27
327	193	29	32
328	196	27	28
327	194	28	30
328	195	27	29
328	193	27	32
328	195	27	27
328	196	26	27
328	195	27	29
328	193	27	31
328	194	27	30
328	194	26	29
327	195	28	29
328	193	27	30
327	195	27	28
327	195	28	31
327	195	28	29
328	196	27	27
328	196	27	28
327	195	28	29
327	194	27	29
326	194	29	31
327	194	28	31
327	196	27	28
328	195	27	29
328	194	27	30
327	193	28	31
327	194	28	30
328	194	28	30
328	195	26	28
328	196	26	28
328	195	27	29
327	194	29	31
327	194	29	31
328	194	27	31
327	193	29	32
329	194	27	30
328	194	27	30
327	195	28	29
327	195	28	29
327	194	28	29
327	193	29	32
327	195	28	30
327	194	28	31
327	194	29	29
327	195	28	28
327	194	28	29
327	193	28	30
327	195	28	28
327	194	29	29
327	194	28	29
328	194	28	30
328	196	27	27
328	195	27	31
328	196	27	28
328	196	26	27
328	195	27	28
327	194	28	30
328	198	26	25
328	196	26	28
328	196	27	28
328	197	27	26
328	195	27	30
328	196	27	28
327	196	28	28
328	197	26	26
328	195	27	28
327	195	28	29
328	196	27	28
328	195	27	28
327	195	27	29
328	197	27	27
328	196	27	28
327	196	28	29
327	196	28	28
327	196	28	29
327	195	28	29
328	196	27	28
328	197	26	26
327	195	28	30
328	197	27	28
328	196	27	29
327	196	28	30
327	196	28	29
327	195	28	31
328	197	27	28
327	197	27	28
325	198	28	27
323	200	28	27
323	200	26	27
323	200	27	27
323	199	28	27
322	198	28	28
323	199	27	28
322	199	28	27
324	200	25	26
323	200	27	26
323	199	26	27
323	199	28	28
323	200	27	26
322	199	28	27
322	199	28	27
323	200	27	26
323	199	28	28
324	199	26	28
322	199	27	27
323	199	27	27
323	200	27	27
322	199	27	27
322	198	21	27
324	202	19	23
260.9919	116.38582	30.490263	30.642359
313	213	20	24
316	216	21	24
321	206	24	29
325	233	27	31
