276.0	137.0	23.0	69.0
274	136	24	71
273	135	24	73
274	135	23	72
275	135	22	72
277	134	21	73
277	135	22	72
276	135	23	71
276	136	24	70
277	136	23	70
278	136	22	70
278	135	23	71
279	134	22	72
280	134	22	72
279	135	23	69
279	135	24	70
281	136	22	69
282	137	21	68
283	137	20	69
283	135	20	69
282	135	21	69
283	135	22	70
283	134	22	70
284	134	21	70
284	135	22	69
284	136	22	68
284	135	22	68
285	137	22	67
285	137	22	67
285	136	22	68
286	135	21	68
284	135	22	68
285	134	22	69
284	135	22	68
284	134	22	69
284	136	22	67
284	136	21	66
283	137	21	65
283	138	21	65
281	138	23	65
280	134	22	68
278	136	25	66
279	134	22	67
277	136	22	65
276	135	23	66
272	139	29	62
271	139	28	62
270	137	27	63
268	138	24	63
267	137	23	64
264	137	25	63
263	137	26	64
260	136	27	64
258	136	28	64
257	137	29	63
255	137	28	62
253	137	26	62
253	139	20	59
249	136	23	63
248	134	20	64
245	133	22	66
242	133	23	66
240	133	23	66
240	135	21	64
237	137	21	61
236	138	19	60
233	135	21	63
231	138	19	60
228	138	19	61
226	134	22	65
222	131	26	67
219	133	28	64
221	138	21	61
219	139	20	59
216	137	23	62
214	139	20	59
211	138	21	59
208	136	24	61
207	138	22	60
205	136	23	63
202	136	25	62
200	136	25	63
200	137	24	62
199	137	22	61
199	138	20	61
197	138	20	61
196	138	19	61
192	138	21	60
191	137	21	61
189	136	22	63
187	135	23	64
186	136	23	63
185	137	23	62
184	138	22	62
183	138	22	61
182	138	22	60
180	138	23	62
179	137	22	63
179	137	23	62
180	136	22	62
180	135	23	65
179	136	23	65
180	136	23	63
179	137	24	64
179	137	24	63
178	137	24	65
177	137	28	64
176	135	28	65
176	135	31	66
176	135	31	66
175	135	33	65
175	135	34	65
176	136	35	65
176	136	35	65
179	137	31	64
185	137	25	67
186	136	25	67
189	136	25	68
188	135	26	67
188	134	27	68
189	135	28	67
191	135	30	67
191	135	31	67
193	137	32	66
197	136	28	66
198	136	26	66
199	136	26	66
199	135	27	67
202	134	27	69
204	134	28	69
206	136	22	66
208	136	23	67
209	135	29	68
214	137	23	66
218	136	20	67
218	135	20	68
220	136	20	68
221	135	23	69
222	132	22	71
224	134	23	69
225	135	24	69
223	133	28	71
224	134	29	70
229	135	28	69
235	136	24	69
237	135	24	69
241	134	23	70
242	133	24	71
245	133	23	70
244	133	24	71
248	136	22	68
251	138	21	66
253	136	21	69
256	134	23	70
258	135	22	69
261	135	23	70
264	134	20	71
264	133	22	73
264	132	26	73
268	133	24	70
267	133	28	73
268	133	29	71
273	134	26	71
278	136	21	66
280	134	22	71
281	136	21	66
282	137	22	68
285	134	24	72
287	135	23	70
289	135	22	70
291	136	23	70
295	137	22	69
298	136	24	70
302	136	24	69
304	135	23	70
305	136	23	71
306	135	22	72
307	134	25	73
309	134	23	71
309	134	28	73
310	134	29	73
314	136	27	71
315	135	28	71
318	136	29	71
317	135	30	71
317	135	31	73
318	133	31	74
318	133	32	75
320	133	32	75
321	134	33	75
322	135	33	74
325	136	31	74
327	136	30	74
328	136	29	74
330	134	29	76
331	134	29	76
333	133	30	78
334	133	29	78
336	134	27	77
336	135	29	76
338	136	28	76
340	136	28	76
342	135	25	76
341	134	26	78
341	133	24	78
338	132	28	80
339	132	28	80
338	133	28	81
340	134	28	79
340	134	26	79
340	135	25	79
339	135	25	79
338	132	27	82
332	132	33	82
333	130	28	84
332	129	29	86
332	130	27	84
331	133	27	83
331	134	26	82
331	134	25	81
327	134	28	82
324	133	31	83
324	131	30	85
323	131	25	84
322	132	25	83
320	133	25	83
317	134	26	83
314	133	27	85
309	134	29	84
307	133	28	84
305	132	29	86
302	131	29	86
300	130	31	87
298	130	28	88
297	131	28	86
294	131	29	87
290	131	28	85
288	131	30	87
287	132	27	85
281	134	27	83
283	132	24	86
277	131	25	85
274	133	26	84
272	134	26	83
269	133	27	84
266	134	27	84
264	135	26	83
261	132	31	87
260	132	28	86
258	132	25	85
255	134	25	82
247	130	30	88
247	130	30	88
245	133	28	85
244	133	27	85
241	133	29	85
239	134	29	84
237	132	30	85
235	134	29	85
234	133	29	84
234	133	29	85
234	132	29	85
233	131	29	86
231	132	29	84
231	132	29	84
229	133	30	84
228	134	29	83
227	133	29	82
226	134	28	83
225	133	29	84
227	132	25	83
225	134	27	82
224	133	28	83
224	134	28	81
225	132	27	83
223	133	30	83
223	134	31	82
223	134	30	83
223	135	29	81
225	134	27	80
224	133	28	81
225	133	29	82
226	133	28	81
228	133	28	80
228	132	31	81
230	132	28	80
230	135	28	79
232	134	27	79
233	136	27	78
233	134	27	79
235	134	26	78
235	134	26	78
236	133	27	79
237	133	27	78
238	134	26	77
240	134	26	77
241	135	24	76
243	135	24	76
244	135	25	75
245	134	25	77
247	134	26	77
249	134	26	77
250	134	28	76
251	134	28	76
253	135	26	74
254	136	25	73
255	135	26	74
257	136	26	74
258	136	26	73
260	135	25	73
262	137	26	74
265	135	24	74
267	135	24	74
269	135	24	74
269	134	30	76
271	133	29	76
273	135	26	75
275	134	26	74
275	133	28	76
278	132	25	77
280	131	24	77
282	131	23	79
285	132	21	76
285	133	22	76
286	133	24	77
287	133	24	77
287	133	27	77
288	134	24	75
288	135	25	74
289	134	28	75
290	133	28	76
292	134	27	76
292	134	27	75
297	134	24	75
295	134	27	75
299	134	25	75
300	132	23	74
301	132	23	75
303	133	21	75
303	133	24	76
304	133	25	76
303	132	26	76
305	133	25	76
306	133	24	75
306	133	25	75
307	133	24	75
307	134	24	74
305	135	25	73
306	134	25	73
308	135	23	73
310	139	20	69
311	136	20	72
310	140	20	67
310	135	21	72
310	136	22	73
307	132	23	77
309	129	22	79
305	121	25	87
306	124	25	85
306	124	24	82
305	121	25	86
305	121	25	85
306	127	23	79
305	125	24	83
305	130	24	77
306	131	23	77
305	131	24	77
305	132	24	76
303	131	26	76
305	132	24	76
306	131	23	76
306	132	22	75
305	131	25	76
306	132	22	76
307	132	21	76
308	132	21	75
307	132	22	76
305	132	23	75
306	133	23	74
307	132	22	75
308	133	23	75
307	135	23	73
306	135	25	73
308	133	25	74
308	133	24	74
306	133	25	74
306	133	25	74
305	134	24	73
304	135	24	72
304	135	24	71
304	136	23	71
304	137	23	71
304	136	23	71
303	135	23	71
303	135	23	71
303	135	23	71
302	135	23	72
301	135	24	72
301	135	24	72
302	135	24	71
302	135	24	71
301	136	24	70
300	137	25	69
300	138	27	67
298	139	28	67
299	136	22	69
297	138	24	68
293	137	32	69
293	135	31	71
293	136	23	71
289	136	32	70
286	137	33	69
285	137	26	72
284	138	25	69
283	137	24	70
282	134	25	74
281	134	24	73
278	134	26	72
276	134	26	73
273	135	24	73
270	136	22	71
266	137	22	71
264	136	21	72
261	135	23	72
258	133	27	75
255	132	24	76
253	132	24	75
248	132	26	76
246	134	23	75
242	135	24	74
239	136	25	74
237	137	25	74
231	134	27	76
229	133	29	77
227	132	27	78
220	132	32	79
218	132	31	79
216	136	27	75
211	136	28	76
209	135	25	76
207	135	21	76
204	134	24	77
198	134	26	77
195	130	26	79
191	130	27	81
187	132	28	78
183	131	28	80
178	136	29	78
172	136	30	79
172	138	25	75
170	135	27	80
168	135	26	79
164	132	32	82
162	131	29	84
159	135	27	78
156	136	25	78
152	137	26	77
150	136	29	79
141	138	40	78
144	137	27	78
139	137	28	80
137	136	29	81
134	136	31	81
129	135	34	80
130	134	33	82
128	135	33	81
131	138	29	79
128	139	30	78
130	139	29	79
131	140	27	77
130	140	28	77
131	140	27	77
132	140	27	77
128	139	30	77
128	138	32	79
128	137	32	80
128	135	34	81
129	135	36	82
128	134	38	83
129	134	40	83
130	134	40	83
133	135	38	82
138	134	36	83
144	134	32	83
147	134	31	83
149	133	33	84
151	131	33	87
154	134	27	83
158	134	28	83
159	133	28	85
163	134	27	84
159	133	36	87
164	133	37	87
171	132	32	87
175	133	31	86
176	130	31	88
179	130	33	89
176	130	37	90
176	129	42	90
178	130	41	90
181	131	43	89
185	131	39	89
190	132	47	87
198	131	33	88
204	130	31	88
209	130	28	89
210	129	29	91
208	129	35	90
208	128	40	91
210	129	41	90
214	130	39	90
219	131	38	88
224	130	36	89
233	131	30	88
238	131	25	87
242	135	25	83
242	130	29	89
246	132	28	85
250	134	29	86
248	131	34	89
254	132	30	88
262	131	27	87
265	135	26	81
267	129	27	89
268	129	29	90
269	131	29	87
270	130	30	88
272	131	31	88
281	131	26	88
285	133	25	88
289	133	24	87
288	136	27	82
291	135	29	84
293	130	33	89
295	131	35	89
297	131	36	88
300	131	34	88
303	134	32	86
304	135	31	85
308	135	29	84
310	136	28	83
312	135	29	83
314	134	29	85
315	132	29	86
316	132	30	86
318	133	29	85
318	133	29	85
317	133	30	84
318	135	30	82
321	137	26	79
319	135	30	80
321	135	27	81
323	137	25	79
324	134	24	81
322	135	26	80
323	132	25	82
321	131	27	84
320	135	27	80
320	136	26	78
319	137	26	78
319	138	26	76
320	138	25	75
319	136	26	77
319	134	25	77
319	135	24	76
320	135	23	76
320	135	22	75
320	136	21	74
319	136	21	74
318	135	22	74
317	133	23	77
313	131	25	78
314	131	23	78
313	133	23	75
313	134	22	73
312	136	22	72
311	138	22	71
309	140	25	71
309	140	26	71
312	139	26	71
305	137	35	72
313	136	28	72
318	137	24	71
319	137	23	71
320	136	23	72
321	135	23	74
321	137	23	72
321	136	25	72
322	137	25	71
320	139	34	68
324	142	31	66
328	144	24	64
326	145	28	63
327	145	27	62
327	144	27	63
328	144	27	64
329	141	27	66
328	139	26	68
330	138	25	69
331	137	23	72
330	135	23	73
330	134	23	72
329	134	24	73
329	134	23	71
329	135	23	70
328	137	23	69
330	141	22	66
329	139	23	67
331	143	20	62
332	140	20	66
332	139	20	67
330	140	21	67
330	137	21	70
328	131	24	76
327	125	22	82
325	124	27	82
326	122	23	83
326	121	22	83
326	121	22	82
326	124	22	79
325	127	22	78
325	130	21	75
324	127	23	79
325	132	21	74
324	133	21	73
325	135	20	71
324	133	22	73
323	135	22	71
323	134	22	72
325	133	21	73
324	133	20	73
323	133	23	73
324	132	22	74
324	132	22	74
324	131	22	76
324	131	21	76
324	132	22	75
324	131	21	76
324	131	23	75
324	131	22	76
324	133	23	74
324	133	23	73
324	135	22	72
323	133	22	73
323	133	22	73
322	134	22	71
322	134	23	71
322	133	22	72
321	133	22	71
320	132	23	72
319	134	24	72
319	134	23	72
317	134	25	72
316	134	25	72
317	134	24	72
317	135	24	72
316	135	24	71
315	136	24	71
314	136	23	71
315	136	21	70
313	136	23	71
310	135	24	70
310	135	23	71
310	135	23	71
307	136	24	71
308	136	24	71
306	137	25	70
308	137	24	70
307	139	25	68
309	138	23	69
309	139	23	69
308	137	24	71
307	137	25	71
309	138	24	69
311	137	22	69
312	137	22	70
313	136	21	71
313	135	22	72
314	136	22	71
314	136	22	71
313	137	23	70
312	137	24	70
313	137	23	70
310	136	28	70
314	137	22	69
314	136	22	70
314	136	22	70
314	137	21	69
314	137	21	69
313	137	21	68
313	137	21	67
313	138	20	66
312	138	21	66
313	138	19	65
313	137	19	65
312	134	20	71
313	134	18	71
313	134	18	71
312	137	19	67
311	135	19	70
312	135	20	70
311	135	20	69
308	135	23	69
310	135	22	69
310	133	22	70
312	134	21	69
312	134	22	71
313	136	20	69
315	136	19	68
313	138	20	67
313	137	21	67
314	136	20	67
313	135	20	69
312	130	21	74
312	132	21	72
307	120	25	84
310	128	22	76
309	127	23	77
308	124	23	79
307	125	24	76
305	124	25	79
305	124	25	80
306	129	23	74
306	126	23	78
307	131	21	74
307	131	21	74
306	131	22	73
306	133	22	71
305	133	22	71
305	134	22	70
304	132	23	71
306	133	22	70
305	133	23	71
306	133	23	71
307	135	21	69
306	135	22	69
307	134	22	70
306	133	24	72
306	134	23	70
306	135	22	69
306	135	23	69
306	135	23	69
305	135	23	69
304	135	24	69
306	135	23	69
306	136	22	69
305	135	23	69
306	136	22	68
306	135	23	68
305	135	23	70
306	136	23	69
308	136	21	67
309	136	21	68
309	138	22	67
310	138	22	68
310	137	24	66
311	137	23	67
311	137	23	68
312	138	20	66
312	138	22	69
314	139	23	67
315	139	22	66
315	140	23	65
316	139	24	66
318	139	22	66
318	138	24	68
318	138	24	68
321	138	22	69
321	139	23	67
323	137	23	68
323	135	25	71
324	133	25	72
325	131	26	76
325	130	27	79
328	132	26	76
328	131	26	78
329	133	28	76
334	128	23	80
336	130	23	79
334	127	26	81
335	129	28	79
336	129	27	79
336	130	28	80
337	132	29	79
338	134	31	77
340	134	30	77
343	136	28	76
345	139	24	74
345	139	25	74
345	141	26	71
344	139	27	75
346	139	27	74
344	139	27	75
347	138	26	75
348	138	25	75
348	138	25	75
348	138	25	75
348	138	25	75
346	137	27	76
345	135	28	78
344	133	28	81
340	127	32	86
338	126	33	87
337	124	32	89
333	120	35	91
329	116	37	94
337	124	29	87
332	124	31	87
331	125	30	87
336	130	26	83
336	132	24	80
338	135	22	75
336	135	23	75
336	132	23	80
338	134	21	77
336	133	22	78
336	133	22	78
336	132	24	79
337	133	24	78
336	132	27	80
337	133	24	79
337	133	24	78
337	133	25	79
338	134	25	78
338	134	23	78
339	134	25	78
339	134	24	78
337	134	24	79
336	133	25	78
337	134	23	77
336	134	24	77
336	133	24	79
337	134	24	78
337	134	25	78
335	133	28	80
333	133	30	79
335	133	28	80
333	133	31	80
332	133	32	79
329	134	35	79
332	134	30	79
336	133	28	79
334	134	28	78
333	135	28	77
332	137	29	77
331	138	29	75
330	140	30	73
327	141	34	72
330	142	25	72
331	142	23	71
330	143	24	70
327	142	28	72
326	142	28	73
328	142	25	73
327	142	24	72
325	140	27	74
324	138	26	75
322	135	26	78
321	135	25	78
318	135	27	79
317	135	27	80
314	136	27	81
311	137	27	81
307	137	35	81
307	136	29	83
302	135	34	84
301	132	32	86
300	131	30	88
298	131	28	89
295	131	29	90
292	132	30	91
287	133	29	89
285	136	29	86
282	133	28	89
277	133	30	88
275	131	30	91
271	130	31	92
267	128	32	94
264	130	32	92
260	131	33	91
257	132	33	94
253	133	32	94
249	134	32	94
247	130	33	100
241	128	36	100
238	125	36	103
238	126	32	100
234	125	33	103
227	125	38	107
225	121	38	112
220	128	37	105
218	128	34	105
218	126	28	107
213	126	29	107
208	124	32	109
205	128	33	105
195	123	44	111
201	127	33	106
195	129	35	106
193	131	33	103
188	132	34	103
