0.0	24.0	171.0	114.0
21	23	175	113
48	25	176	113
68	27	177	118
86	30	178	121
97	26	173	131
110	40	171	110
114	41	174	118
116	42	172	117
117	45	171	118
119	42	166	116
118	40	169	111
122	30	167	119
129	26	168	110
136	23	171	107
137	16	168	115
138	7	174	121
133	11	172	123
132	5	167	143
134	5	164	146
134	5	164	148
134	7	164	147
133	4	165	149
131	8	169	151
132	8	164	158
134	3	167	161
134	0	168	161
132	0	169	163
133	0	166	160
130	-1	166	158
128	0	169	154
122	0	169	149
124	4	174	151
122	6	172	146
123	9	175	142
123	10	176	141
129	12	171	138
126	14	175	134
126	15	177	137
130	14	175	134
126	16	178	135
125	14	179	131
128	14	175	135
127	15	177	132
124	17	177	130
125	15	178	130
124	16	177	129
124	15	178	128
124	16	177	127
125	18	178	127
123	20	179	125
122	21	180	125
125	23	177	122
123	22	179	124
122	22	178	122
122	22	177	123
122	21	178	123
122	20	178	123
123	20	178	125
123	20	178	123
124	19	178	125
124	20	179	123
124	21	179	126
125	21	178	122
122	21	180	126
123	20	178	123
122	21	179	125
122	21	179	121
122	20	178	124
121	21	179	125
121	21	177	122
120	22	179	124
122	21	180	122
122	25	180	119
123	26	176	120
123	29	176	119
123	33	176	117
121	34	179	119
124	40	173	118
118	47	177	114
122	56	175	106
120	59	171	115
114	61	179	120
107	63	185	129
117	73	182	120
111	78	181	89
124	82	205	145
123	86	207	137
120	81	208	142
129	97	200	126
13	13	284	156
122	58	181	167
102	66	222	159
114	61	208	154
138	96	195	120
122	77	207	139
118	75	208	144
120	74	207	144
151	67	174	151
137	65	182	151
140	64	186	155
128	81	187	140
121	57	205	163
122	54	202	167
121	47	203	185
127	41	203	192
128	33	204	214
126	23	206	226
133	15	204	234
144	9	193	140
148	7	189	135
153	18	188	118
153	6	188	124
151	1	189	125
147	3	196	123
146	1	198	121
146	1	199	117
149	0	192	114
147	0	193	114
145	0	190	111
145	0	190	104
148	0	187	97
145	0	187	100
148	0	182	96
144	0	186	98
146	0	188	96
146	0	186	99
145	1	187	95
146	0	188	94
145	0	188	92
145	0	186	90
142	0	189	90
142	0	189	92
143	0	189	94
142	2	183	96
144	5	175	99
145	0	183	104
145	3	184	104
145	1	180	110
142	0	182	113
138	1	183	115
139	21	179	105
139	29	177	103
138	36	178	103
129	28	187	110
129	31	184	113
134	40	189	204
136	41	187	202
137	59	185	174
132	51	191	190
137	101	189	130
134	58	188	170
135	99	188	137
137	95	183	138
137	97	183	130
134	104	185	118
134	101	191	123
133	102	185	120
132	104	183	117
131	95	184	125
131	99	184	122
135	114	181	113
134	113	180	112
135	115	183	112
135	114	181	113
134	115	178	110
134	116	179	110
136	120	181	109
136	122	183	110
144	125	178	109
144	126	181	113
147	133	177	109
149	138	175	107
147	140	180	109
149	145	178	107
147	148	180	106
150	152	177	107
149	154	179	108
149	157	179	108
149	160	174	107
148	161	181	109
146	163	181	109
146	165	181	107
147	164	178	108
147	164	179	108
149	164	179	108
151	163	177	109
155	163	173	109
156	164	173	108
156	164	174	108
158	163	171	109
157	167	180	105
159	171	178	101
160	170	179	102
160	167	177	104
161	162	175	103
159	157	174	104
160	151	172	106
153	146	178	107
150	141	180	109
147	136	183	110
145	127	180	114
138	120	181	116
136	117	181	113
137	113	179	114
136	109	179	116
135	107	177	113
134	104	176	111
135	97	171	115
135	93	169	117
126	94	178	116
125	93	179	115
123	93	180	113
123	95	177	110
123	92	178	111
124	94	174	106
125	93	168	104
126	95	168	102
129	98	168	99
124	94	176	103
124	88	173	114
124	95	176	106
124	93	174	108
124	95	174	107
114	90	185	107
114	91	183	105
114	91	184	105
114	93	183	103
115	95	181	103
116	96	180	103
119	87	178	114
118	83	184	117
117	83	180	120
116	81	182	125
117	78	182	128
118	83	185	130
119	68	187	149
121	62	190	164
124	56	190	175
126	45	193	189
127	35	193	213
132	25	181	133
130	14	185	126
132	10	186	120
131	0	189	120
134	2	184	108
137	0	175	103
132	0	194	93
130	0	202	86
135	0	176	74
132	0	181	72
128	0	180	70
127	0	181	68
127	0	181	67
122	0	176	70
121	0	190	72
122	0	178	69
119	0	178	70
120	0	176	70
120	0	180	67
119	0	183	67
119	0	188	67
121	0	181	66
121	0	180	67
121	0	189	70
122	0	187	70
127	0	185	73
126	0	188	74
127	0	186	77
132	0	183	81
138	0	171	90
135	0	186	90
130	0	179	101
130	0	199	110
136	2	195	108
131	2	200	126
131	5	200	136
135	129	181	127
125	3	210	186
122	31	215	218
126	66	183	141
128	27	199	212
130	45	203	198
123	54	198	181
122	47	202	198
125	61	196	191
123	61	200	188
123	57	198	198
125	74	196	177
122	62	198	170
126	113	178	110
124	54	186	173
119	49	192	189
120	56	194	177
116	50	197	190
119	60	189	172
117	51	195	187
118	59	192	176
117	53	198	189
117	55	191	188
118	52	192	183
113	54	193	186
117	54	193	189
116	50	195	191
116	52	187	189
117	52	191	190
116	52	192	188
115	55	192	184
120	58	189	187
122	65	189	179
120	69	191	179
123	75	195	174
126	61	190	202
131	54	186	125
133	39	187	123
143	27	186	123
142	6	187	133
144	6	188	122
146	2	185	123
148	1	184	123
153	5	186	119
147	4	185	121
147	4	185	121
145	5	186	120
146	4	184	121
145	5	185	120
144	6	185	118
145	4	184	120
145	3	185	121
146	2	181	121
141	2	189	122
145	2	181	118
143	1	185	119
143	2	184	117
140	0	187	120
139	0	186	120
137	0	186	119
138	0	183	119
137	0	184	114
137	0	184	114
137	0	184	112
135	1	194	112
136	0	184	110
132	0	189	105
133	0	184	104
134	0	181	100
134	0	181	100
133	0	184	102
133	0	183	102
133	0	183	101
132	0	183	100
132	0	183	100
132	0	184	96
133	0	180	99
133	0	181	98
133	0	180	96
133	0	179	96
132	0	183	94
132	0	180	98
132	0	181	97
133	0	180	95
133	0	181	95
132	0	181	92
132	0	182	98
131	0	179	94
129	0	182	97
125	0	183	102
120	0	185	105
109	1	189	112
105	0	184	112
96	1	194	123
91	1	196	128
87	1	194	131
84	1	187	126
81	1	188	122
