233.0	62.0	22.0	30.0
230	61	24	31
231	61	24	31
230	61	24	30
230	61	24	30
230	60	25	32
231	61	24	30
232	61	22	30
231	60	24	31
231	60	24	31
231	61	24	31
231	60	24	31
231	60	24	31
230	60	25	31
231	61	24	30
231	60	24	31
231	60	23	31
229	60	25	30
231	60	23	31
231	60	23	30
231	60	24	31
231	59	23	31
231	59	23	31
231	59	23	31
231	59	23	32
231	59	23	32
231	59	23	31
232	59	20	31
232	59	20	31
230	59	23	31
231	59	22	32
232	59	20	31
232	59	20	31
230	59	23	32
232	59	20	30
232	59	20	31
230	59	23	31
230	59	23	31
232	59	20	31
230	59	24	30
230	59	24	31
231	60	23	29
232	59	21	31
231	59	23	30
231	59	23	30
233	59	20	31
232	59	21	31
232	59	22	31
233	59	20	31
233	59	20	31
233	59	21	31
234	59	20	31
233	59	20	31
233	60	21	31
233	59	21	31
234	60	20	31
234	60	20	31
234	59	20	31
233	60	20	30
233	60	20	31
234	61	20	31
234	61	20	31
233	61	21	31
233	61	20	31
233	61	20	31
233	60	20	31
233	61	20	31
234	60	20	31
233	61	20	31
234	60	20	31
233	60	20	31
234	61	21	31
233	60	21	31
233	61	20	31
233	61	21	31
233	61	21	31
231	61	23	31
233	61	20	31
233	61	20	31
233	61	20	31
233	61	20	31
232	61	20	31
230	61	24	31
230	61	24	31
230	61	24	31
231	61	23	30
229	61	25	30
230	61	24	30
230	60	24	31
232	61	22	29
231	60	24	32
231	61	23	30
231	62	24	29
231	61	24	30
231	61	23	30
230	61	24	30
232	61	23	30
232	61	22	30
231	61	23	30
233	61	21	30
229	61	25	30
230	61	24	30
230	61	24	30
229	61	25	31
230	62	23	30
230	61	24	31
233	61	21	31
231	61	24	30
230	60	24	31
231	61	23	31
233	61	20	31
230	61	23	30
230	61	24	30
230	61	24	31
233	61	20	31
232	60	20	31
230	61	24	31
233	61	20	31
230	61	24	31
230	61	25	31
230	61	25	31
230	61	25	31
232	61	23	31
231	61	25	32
232	62	23	31
234	61	21	31
232	61	23	31
234	61	21	31
231	61	24	32
234	61	21	31
231	61	24	31
232	61	23	33
234	61	20	31
232	60	24	32
231	60	25	32
234	60	20	31
231	60	25	31
235	59	20	31
234	60	21	31
234	61	21	31
234	61	21	31
231	61	25	31
232	61	24	32
232	61	23	31
230	61	25	31
231	61	25	31
232	61	23	32
232	61	23	32
233	62	23	31
231	61	24	32
232	61	23	31
232	61	24	32
233	61	23	32
232	62	23	31
231	61	24	32
232	62	23	30
234	61	21	31
234	61	21	31
231	61	24	31
234	61	21	31
234	61	21	31
232	61	24	31
231	61	24	30
232	60	23	31
231	61	24	31
232	61	23	31
232	61	23	31
231	61	24	31
231	61	24	31
230	61	25	30
230	61	26	31
233	61	22	31
231	61	24	30
231	61	24	31
232	61	23	30
232	61	23	30
232	61	23	31
231	61	24	31
231	61	24	32
230	61	25	31
232	61	24	31
232	61	23	31
231	61	25	31
232	61	24	32
232	61	24	31
235	61	20	31
231	61	25	32
234	61	21	31
232	61	24	32
234	61	21	31
234	61	20	31
234	61	21	31
235	61	21	31
234	61	21	31
234	61	21	31
234	61	21	31
234	61	21	31
234	61	21	31
234	61	21	31
234	61	21	31
231	61	24	32
234	61	21	31
232	61	24	31
232	61	23	31
231	61	24	31
231	61	24	31
232	61	23	31
231	61	24	31
231	61	23	30
230	61	25	30
231	61	23	30
232	61	23	31
231	61	23	30
230	61	24	31
230	61	24	31
231	61	23	31
232	61	22	30
231	62	23	30
231	61	23	31
231	62	23	30
230	62	24	30
231	61	23	31
231	62	23	30
231	62	23	30
231	61	23	31
231	61	23	31
231	61	23	30
231	60	23	31
231	60	23	31
231	59	24	30
234	57	21	31
235	56	20	31
235	54	21	31
235	50	20	32
236	47	20	32
236	47	20	30
234	44	22	30
234	42	21	30
233	41	22	30
232	40	22	29
231	41	22	26
231	35	22	30
230	34	22	31
230	33	21	31
229	34	22	29
229	31	22	31
229	30	22	31
229	29	21	30
227	28	22	30
227	26	26	30
226	24	29	30
225	23	27	31
223	26	24	30
224	28	22	29
223	27	24	31
224	31	23	30
223	33	23	31
225	37	21	31
225	40	20	30
224	44	23	30
223	45	23	31
225	48	20	30
224	50	24	31
224	53	24	31
224	55	24	31
226	57	22	30
228	59	20	31
226	61	24	31
227	63	23	31
228	64	22	32
227	66	23	31
226	68	23	31
228	70	20	31
227	72	21	31
226	74	21	31
226	77	21	31
226	78	21	31
224	80	21	31
225	81	21	31
224	82	21	31
224	84	22	31
224	83	22	32
224	85	22	32
224	85	21	31
224	85	22	31
223	85	22	31
224	85	21	31
223	84	23	32
224	84	21	32
225	84	21	32
225	85	21	32
225	85	21	32
225	87	21	32
226	88	21	32
226	89	22	32
228	90	22	32
228	90	22	32
229	89	22	32
231	89	22	32
233	89	22	33
232	87	26	35
237	88	23	33
238	88	26	35
238	86	24	32
242	86	28	36
243	85	24	34
246	85	26	35
248	85	27	35
250	85	28	35
253	84	25	36
254	84	25	35
256	83	27	35
257	83	27	34
259	82	26	35
262	82	24	35
262	81	23	34
263	81	23	34
263	81	23	34
263	81	23	35
264	81	22	34
264	81	22	34
264	79	22	34
264	77	22	34
264	74	23	32
264	70	22	33
265	66	21	32
263	61	23	34
264	58	24	34
263	55	24	34
264	53	24	34
264	50	22	33
262	33	26	48
259	44	27	33
260	42	27	34
264	34	24	40
264	33	24	37
264	32	24	37
262	31	26	40
260	31	27	35
264	32	23	35
258	29	30	39
261	28	26	35
254	23	32	39
261	29	24	32
261	30	25	32
260	30	25	33
262	33	24	33
262	33	24	35
262	33	24	37
262	33	25	40
262	41	26	34
257	42	31	37
259	46	30	33
262	46	27	34
262	47	28	34
260	48	29	34
259	50	30	34
257	54	29	34
257	57	28	33
254	59	28	35
251	62	30	34
249	65	28	35
246	68	28	33
245	71	30	36
245	74	26	34
242	77	27	34
241	80	25	34
239	83	26	34
237	86	22	32
237	88	22	33
234	90	22	33
234	92	22	31
232	93	22	30
230	94	23	31
229	95	23	31
228	95	24	31
229	96	22	30
229	95	23	31
228	95	23	31
228	96	21	31
228	96	23	31
227	95	22	32
227	95	22	31
228	94	22	32
228	92	22	31
227	87	24	33
229	83	24	33
229	78	25	32
230	75	24	30
230	71	24	31
230	67	24	32
230	64	23	30
228	60	23	30
227	57	23	30
227	52	22	30
224	49	24	31
225	46	23	32
225	43	20	31
225	42	20	30
223	41	21	30
222	39	21	30
221	38	22	30
221	38	22	30
220	36	22	30
220	35	22	31
219	35	24	32
219	34	23	32
219	34	25	32
220	35	25	31
219	34	26	34
221	37	27	34
226	39	21	31
229	41	21	31
230	42	23	33
232	43	23	34
235	46	25	33
237	50	27	33
240	54	25	34
241	57	27	33
245	59	26	33
247	62	25	34
249	65	27	34
252	68	24	35
253	70	24	36
255	75	29	34
256	78	29	35
257	79	28	34
258	81	28	35
258	83	28	36
258	86	28	36
258	87	28	36
258	89	28	35
258	90	27	35
258	90	27	36
259	90	27	36
258	90	29	35
258	90	28	35
258	90	28	36
259	90	28	36
259	90	28	36
259	90	26	35
258	89	28	37
259	88	26	36
260	86	27	37
260	82	26	34
260	79	26	35
260	75	27	34
261	70	27	34
261	64	27	35
261	61	28	34
262	56	27	34
262	51	27	33
259	46	28	33
262	36	25	40
262	35	26	38
262	34	24	35
262	32	23	33
263	30	22	35
261	27	24	34
262	28	22	32
261	27	24	34
261	27	24	32
262	27	23	33
258	27	27	33
262	28	22	32
264	28	22	33
265	29	22	32
268	29	22	32
273	31	20	35
276	32	21	33
280	33	20	33
282	35	22	31
286	36	22	32
290	36	22	32
293	37	22	32
297	37	22	32
282.0336	37.61498	40.042282	34.367393
303	38	21	31
304	37	21	34
305	37	22	32
305	37	23	32
304	37	24	32
305	38	22	31
305	39	21	31
303	38	22	32
301	38	23	31
171.77867	18.612103	116.15402	91.362404
297	38	21	32
293	38	22	31
289	39	22	31
286	39	21	31
285	39	19	31
281	41	20	30
277	39	21	33
273	39	21	33
267	33	24	39
264	31	24	41
261	32	25	38
257	32	29	40
253	33	25	36
251	33	24	35
247	33	26	37
246	34	26	35
242	34	29	36
241	36	25	34
238	35	23	33
238	37	22	32
235	36	22	32
234	36	22	31
232	36	22	32
229	36	22	31
227	35	22	33
225	36	22	31
225	37	21	30
223	38	21	30
221	38	21	30
221	38	20	30
220	38	20	30
218	37	20	30
216	38	20	30
216	37	20	30
214	37	20	31
214	37	20	30
213	37	22	32
213	38	20	30
213	39	20	31
214	40	21	30
213	42	20	31
215	45	19	31
214	48	20	31
214	52	21	30
214	57	21	31
215	62	22	31
215	67	22	30
216	72	22	31
217	77	21	31
217	81	22	32
218	86	20	31
217	90	22	32
218	94	21	31
217	97	22	31
216	99	22	31
216	101	22	31
216	102	21	31
215	103	23	31
214	103	22	31
214	103	23	31
214	102	23	31
216	102	21	30
216	101	22	31
217	100	22	32
218	99	22	32
219	98	23	30
221	96	24	30
225	95	23	31
229	92	22	32
233	91	22	31
236	88	23	33
240	87	24	33
245	85	27	36
247	84	27	35
253	82	25	38
255	82	30	37
257	82	30	37
260	80	27	37
263	81	25	36
264	81	24	35
267	80	22	36
269	79	22	33
270	79	22	33
271	79	23	33
271	79	23	32
272	79	22	31
273	79	22	32
273	79	22	32
272	79	23	32
272	79	22	31
272	79	22	32
272	79	22	34
270	79	24	36
271	77	21	37
268	77	25	37
267	76	25	38
265	75	28	42
264	73	28	42
260	73	24	33
257	73	26	35
254	71	22	35
249	71	22	33
246	71	22	34
243	70	24	35
240	71	23	34
236	71	24	33
236	70	24	34
235	71	24	33
234	70	25	35
232	70	24	33
232	70	24	34
231	70	24	33
231	69	24	34
230	67	22	34
229	66	21	33
229	66	21	32
227	65	21	32
228	64	21	32
227	61	21	32
225	60	21	32
225	57	21	31
224	56	21	31
223	54	22	32
223	52	21	31
221	50	21	31
221	48	21	31
220	47	22	31
219	45	22	31
219	43	22	31
219	40	22	32
219	40	22	32
218	37	22	32
218	35	25	34
218	33	24	34
218	33	23	31
218	32	23	31
217	30	23	31
218	29	24	31
218	30	22	30
217	28	25	30
215	28	26	30
217	28	26	30
215	28	28	30
215	27	26	31
214	27	26	31
216	28	25	31
215	27	26	31
215	27	25	31
215	27	26	31
216	28	25	30
215	28	24	30
216	28	23	30
216	28	23	31
216	29	23	31
217	29	22	30
218	29	23	31
218	29	22	32
218	29	23	31
219	31	22	31
220	32	22	31
222	32	21	31
221	32	21	30
223	33	21	30
222	32	21	31
223	35	22	31
223	34	21	31
223	36	21	30
223	39	20	29
224	40	20	31
224	42	21	31
227	44	20	30
228	44	20	30
230	40	24	33
232	40	26	32
235	37	23	31
235	36	27	32
238	34	28	32
241	32	23	31
244	32	20	29
246	28	23	32
248	28	23	31
250	26	25	32
253	25	27	34
255	25	26	34
255	25	26	34
256	24	26	34
256	24	26	33
256	24	26	33
257	24	25	32
256	23	26	32
255	23	27	35
255	23	27	35
255	23	27	36
249	22	34	39
249	24	34	38
254	26	28	38
252	30	26	36
244	33	32	34
240	33	29	34
237	37	21	28
233	35	21	30
228	35	27	30
224	36	22	30
223	35	22	32
221	34	23	30
219	33	23	29
220	31	24	31
220	34	21	26
220	32	21	28
219	33	23	28
220	33	22	28
220	33	22	28
220	33	22	28
220	32	22	29
221	32	21	29
221	32	22	28
222	31	23	29
222	31	22	29
222	31	23	29
221	32	24	30
223	31	23	31
224	36	22	29
224	37	21	30
223	42	20	29
223	44	20	29
223	48	20	29
223	51	19	30
221	55	22	30
223	58	19	30
223	61	19	30
224	63	19	30
225	64	19	31
225	64	20	30
226	64	20	30
226	65	20	31
226	65	20	31
227	66	20	31
226	64	22	32
226	62	21	32
227	60	22	31
228	56	21	31
229	51	21	30
231	48	20	29
231	43	20	29
232	41	22	29
233	39	21	30
233	39	23	30
233	39	22	30
233	40	22	30
233	40	23	31
234	39	23	31
234	37	22	31
234	37	24	31
235	37	22	29
235	37	22	29
235	36	22	31
235	36	23	29
235	36	22	30
236	36	21	30
235	36	23	29
236	36	21	29
236	36	20	28
236	35	21	29
236	34	23	28
236	34	22	31
236	34	22	29
236	34	22	28
238	35	20	26
237	36	20	26
231	28	25	33
230	29	27	35
226.34448	30.401384	45.097954	51.551586
223.34468	36.28006	43.00282	48.53566
232	47	36	38
216	33	50	45
224	29	48	41
220	23	50	48
209	32	48	45
227	31	25	30
228	30	23	27
230	34	20	26
227	31	22	26
229	31	22	28
228	31	22	27
229	34	21	24
228	30	23	28
228	30	23	28
227	28	23	29
227	29	23	29
227	28	24	29
228	28	24	28
228	27	25	29
226	27	28	31
230	25	22	31
230	27	24	30
229	27	24	34
225	30	31	39
224	31	33	35
226	29	32	33
220	31	37	32
223	34	33	31
223	30	32	29
223	33	32	25
224	32	32	26
223	29	31	28
228	31	28	24
227	28	30	27
230	28	26	27
229	28	28	26
225	28	32	26
225	28	32	26
225	27	32	28
228	30	28	24
229	31	29	24
231	28	27	28
231	31	28	28
233	32	25	30
230	32	34	25
232	32	33	25
233	32	35	27
233	30	33	28
233	31	36	29
233	30	39	29
234	29	35	30
232	30	37	31
232	30	40	32
230	30	35	32
234	30	32	31
235	30	30	33
236	30	33	33
237	31	33	31
234	31	34	31
235	30	32	31
236	31	25	31
237	31	23	30
234	32	27	29
235	33	26	28
235	33	25	27
236	33	25	26
237	33	24	26
237	33	24	26
239	32	23	27
241	33	23	28
243	31	21	29
245	32	19	28
245	31	19	28
245	31	20	29
245	32	21	28
246	31	21	29
244	30	21	30
247	30	21	30
247	29	20	31
245	28	22	31
246	29	21	30
246	29	22	30
245	29	23	30
243	28	22	31
243	29	22	30
244	29	23	29
243	30	21	28
244	29	21	29
243	29	21	28
243	29	23	27
244	28	22	28
244	27	21	29
245	27	20	28
243	27	24	28
243	26	23	27
244	26	21	30
242	27	23	28
240	24	26	36
240	26	26	29
243	25	24	32
240	27	25	29
240	27	26	29
240	26	25	29
240	27	26	29
242	27	23	29
245	26	20	29
243	25	27	29
244	26	17	24
243	26	21	33
243	27	29	34
242	26	31	35
243	26	21	30
244	25	26	34
245	24	23	30
244	23	23	31
243	24	21	31
243	25	20	28
241	24	21	28
239	24	22	27
238	23	24	28
241	22	21	28
241	19	21	28
242	17	21	28
243	14	21	29
244	11	21	30
245	9	21	30
246	6	22	31
246	3	23	31
248	4	21	30
247.39604	20.327915	37.81895	29.282562
233	6	21	32
226	6	28	38
217.98424	8.668888	48.461086	45.958946
215.97903	4.069126	50.869225	48.74259
241	6	29	33
239	7	28	32
235	6	29	32
232	6	32	31
221	4	41	33
217	3	43	37
220	4	39	32
217	4	42	33
216	5	41	32
217	6	40	31
216	6	42	31
220	7	39	32
227	9	32	31
231	10	28	33
232	14	28	32
233	16	28	33
236	18	24	34
240	25	21	31
239	29	22	30
239	31	22	30
239	32	22	31
238	33	22	31
239	34	23	30
239	34	23	32
239	34	23	32
239	34	24	34
240	34	24	36
240	35	25	34
241	37	24	35
242	40	26	33
242	43	26	33
242	47	26	32
240	49	29	34
240	51	30	34
238	50	31	35
236	46	31	36
