255.0	148.0	25.0	37.0
255	148	26	37
256	148	26	37
256	148	26	35
257	147	26	39
258	148	26	38
260	147	26	38
261	148	26	35
263	147	26	38
265	148	26	38
267	148	26	37
269	147	27	38
271	148	26	35
273	147	26	35
275	147	27	38
276	147	27	39
278	148	26	35
280	148	26	35
282	148	26	36
284	148	26	35
286	148	26	35
289	148	26	37
291	148	25	38
292	148	26	38
293	148	26	37
294	148	27	38
297	149	25	38
297	149	26	35
299	150	25	37
299	150	26	35
300	151	26	37
300	151	26	35
300	152	27	38
300	153	26	35
301	154	26	38
301	155	26	35
301	156	26	35
302	156	26	35
302	157	26	35
303	158	25	38
303	159	25	38
302	160	26	35
302	160	26	39
302	161	26	39
302	162	26	38
302	163	26	38
301	164	26	35
302	164	26	39
302	165	26	38
301	167	26	37
302	169	25	36
302	170	25	36
301	171	26	38
301	172	26	37
300	173	26	35
300	174	26	35
300	174	27	38
301	176	25	37
300	177	26	38
300	179	26	37
300	181	26	37
300	183	26	37
300	184	26	38
300	186	26	38
299	188	27	38
300	190	26	37
299	192	26	37
300	193	26	37
300	193	26	37
300	193	25	37
299	193	26	37
300	193	25	37
299	192	26	35
299	191	26	35
300	190	25	38
299	190	26	37
300	189	26	37
299	187	26	35
299	185	26	38
299	182	26	35
299	178	26	38
299	175	25	38
299	172	26	38
299	170	25	36
298	167	27	38
298	164	26	38
299	163	25	38
298	161	27	39
299	159	25	38
299	158	25	38
299	156	25	37
298	154	26	37
298	152	26	38
299	151	25	37
298	149	26	38
298	146	26	39
299	145	25	38
299	144	25	36
298	141	26	38
298	139	26	38
298	138	26	38
299	136	25	37
298	133	26	39
298	132	26	38
298	129	26	38
298	127	26	37
297	125	26	35
298	119	26	39
297	113	27	38
297	107	26	38
296	101	26	35
297	96	25	38
297	92	25	37
296	89	26	38
296	87	26	38
296	86	26	38
296	86	26	37
296	86	26	37
296	86	26	38
296	86	26	38
296	86	26	38
296	86	26	38
296	86	26	38
296	87	26	37
296	87	26	35
297	87	25	38
297	87	26	35
297	87	26	38
298	87	26	38
298	88	26	37
298	87	26	37
298	88	26	37
298	88	26	37
298	88	27	37
299	88	26	35
300	89	26	35
301	89	26	36
302	89	26	38
303	90	26	35
304	90	26	35
306	90	26	36
308	90	26	36
310	90	26	36
313	90	26	35
318	90	26	36
321	89	26	35
327	89	26	35
332	88	26	35
336	88	27	35
340	87	27	35
345	86	27	36
347	86	27	35
350	86	27	35
351	86	27	35
353	87	26	35
354	86	26	35
356	86	26	36
356	86	26	36
356	86	27	35
355	86	27	35
356	86	27	35
355	86	27	36
355	86	27	36
355	86	26	35
355	86	27	36
354	86	27	36
354	86	27	36
353	86	27	36
353	86	27	36
352	86	27	35
352	86	27	35
351	85	27	35
351	86	27	35
351	85	27	35
350	85	26	35
349	86	26	36
349	85	27	35
348	85	27	36
348	85	27	35
348	85	27	36
347	85	26	36
347	85	27	35
346	85	27	36
346	85	27	36
345	84	27	35
346	85	27	35
345	85	27	35
344	85	27	35
344	85	26	35
344	85	27	35
342	85	26	35
342	85	27	36
341	85	26	35
340	84	27	36
339	85	27	35
338	86	27	35
338	84	27	38
337	86	27	36
335	85	27	35
334	86	26	35
332	86	26	35
331	86	26	35
328	86	26	35
327	86	26	35
325	87	26	37
322	87	26	35
321	87	26	37
318	87	26	36
316	87	26	35
313	87	27	35
311	87	26	35
309	88	26	35
307	88	26	35
304	88	27	35
301	88	26	38
297	88	26	38
294	89	27	38
291	89	26	37
287	90	27	37
284	90	26	38
281	90	27	37
279	91	26	37
277	91	26	35
276	91	26	38
273	91	26	35
273	91	25	37
272	92	25	37
269	92	26	36
268	92	25	37
265	92	26	38
262	93	26	37
259	93	26	37
254	93	27	38
251	94	26	38
246	94	26	38
243	95	26	37
238	96	27	38
236	96	25	37
233	96	26	39
231	96	27	37
230	97	26	38
229	96	26	38
228	97	26	38
227	97	26	38
225	96	26	40
222	97	26	37
220	97	26	39
218	98	27	38
216	98	26	38
214	98	26	39
211	98	27	39
208	99	26	38
205	99	27	38
202	100	27	38
200	100	26	39
198	100	27	38
196	100	27	38
195	100	26	38
193	101	27	38
193	100	26	39
192	101	27	38
192	101	26	38
191	101	27	37
190	102	26	37
189	102	27	35
189	102	27	35
188	102	27	35
187	102	27	36
186	102	27	35
186	102	27	35
185	102	27	35
183	102	27	35
182	103	27	35
181	102	27	35
180	102	27	35
179	103	27	35
179	103	27	35
179	102	27	35
178	103	27	35
177	103	26	37
175	103	27	35
173	103	27	35
171	103	27	34
170	104	26	35
169	104	26	35
167	104	27	34
167	104	26	35
167	104	26	35
166	104	27	36
167	104	26	35
166	104	27	34
167	104	26	35
166	104	27	34
167	104	26	34
167	104	27	35
167	104	27	34
167	104	27	34
168	104	27	34
168	105	27	34
169	104	26	36
169	105	26	34
170	104	26	35
171	105	26	34
172	104	26	36
172	104	27	34
172	105	27	34
174	105	27	34
175	105	27	34
176	105	27	35
176	106	27	34
177	105	27	38
178	106	27	35
181	105	27	35
182	105	27	35
185	105	26	35
186	104	26	35
189	104	27	35
193	104	27	35
196	104	27	35
200	103	27	35
206	103	27	35
212	101	27	35
217	101	27	35
221	100	27	36
225	100	27	35
230	100	27	35
234	99	27	35
238	99	26	35
242	98	27	35
245	98	26	35
246	98	26	35
248	98	26	35
249	97	27	39
250	98	26	35
252	98	26	35
254	98	26	35
256	98	26	35
258	97	26	35
260	97	26	35
262	97	26	35
264	97	26	35
264	96	26	35
265	96	26	38
265	97	26	35
265	97	26	35
266	97	26	35
267	96	26	36
267	96	26	35
268	96	26	36
268	96	26	35
269	96	26	35
269	96	26	35
270	96	26	35
271	96	26	35
272	95	26	35
273	95	26	35
272	96	27	35
273	96	26	35
272	95	27	38
272	96	26	35
272	95	27	38
272	98	26	35
272	98	26	35
271	101	26	35
272	104	26	35
273	107	26	38
272	113	26	35
273	119	26	35
273	122	26	37
272	124	26	35
273	125	26	35
273	126	26	38
273	128	26	37
272	131	26	35
272	133	26	35
273	135	26	37
273	138	26	37
272	141	26	35
271	145	26	35
272	147	26	39
271	152	26	35
271	156	26	35
271	161	26	35
271	166	26	35
271	171	26	35
271	175	26	35
271	179	26	35
271	182	26	35
270	185	26	35
271	187	26	38
270	190	26	35
271	192	26	38
270	194	26	35
270	196	26	38
270	197	27	39
270	198	26	35
270	198	26	35
269	198	26	35
269	198	26	35
270	198	26	35
