38.0	25.0	36.0	68.0
38	30	35	64
37	27	36	66
38	32	37	63
38	29	35	65
37	33	36	63
36	35	36	62
36	37	34	59
36	36	34	61
35	36	34	60
35	32	33	62
35	33	32	62
35	33	33	62
35	34	33	62
36	33	33	62
36	33	33	63
35	34	33	62
35	34	33	62
34	35	33	62
34	35	32	62
34	35	33	62
35	35	33	62
36	35	33	61
36	35	33	62
35	38	36	60
35	38	36	61
37	35	33	62
37	38	35	61
38	38	33	61
38	35	33	61
38	35	33	61
39	34	33	61
40	35	33	62
39	35	34	62
40	35	33	62
41	35	33	62
42	34	34	62
42	34	34	62
43	35	34	63
43	34	33	63
44	35	33	62
44	35	33	63
45	35	34	63
46	35	34	63
46	35	33	63
47	35	33	63
48	35	33	63
50	35	33	63
50	36	33	63
50	36	33	63
52	36	33	63
53	36	33	64
54	36	33	64
55	37	33	64
55	36	34	64
56	36	33	65
57	36	33	64
57	36	34	65
57	36	33	65
58	36	33	65
58	36	33	65
59	37	33	65
59	37	33	65
61	37	33	66
62	37	34	65
63	36	35	66
63	36	35	66
64	37	35	66
65	37	35	65
66	37	35	66
67	37	35	66
67	38	35	65
68	38	34	64
69	36	34	66
69	39	35	64
70	39	34	64
71	38	34	65
71	38	35	64
72	39	35	64
72	39	36	63
74	39	35	65
74	46	37	58
75	44	37	60
77	44	36	60
78	39	35	64
79	39	36	64
81	41	35	64
81	39	35	64
85	42	34	62
84	40	36	64
84	39	36	65
85	39	36	64
86	39	36	65
89	38	34	65
90	39	34	65
91	39	34	66
94	42	33	62
96	44	32	59
96	43	33	61
96	40	35	64
96	38	36	66
96	38	37	65
99	39	35	65
99	40	37	65
102	39	35	67
102	38	36	68
104	37	37	67
107	39	33	64
108	36	34	64
108	36	36	64
109	35	36	64
111	35	35	63
111	34	35	64
112	33	34	64
113	33	35	63
116	34	32	63
116	33	34	63
115	30	35	66
116	30	35	67
117	32	35	64
116	29	35	66
116	31	35	65
117	30	35	67
116	31	34	64
115	30	34	64
117	31	32	64
116	32	33	64
116	32	32	63
117	32	32	63
117	32	33	63
119	33	33	63
118	32	34	63
118	33	35	63
121	32	34	63
121	31	35	63
124	31	34	61
125	32	34	62
126	31	34	63
127	31	34	64
128	31	34	64
130	31	35	63
130	30	35	62
132	31	35	62
133	31	34	62
132	31	35	60
135	31	34	62
136	32	33	62
136	33	33	60
137	33	33	61
139	33	33	60
139	33	33	60
140	34	33	60
141	35	33	60
141	36	33	60
142	37	32	61
142	38	33	61
141	39	33	61
143	40	33	61
143	40	33	60
145	41	33	61
145	40	34	61
147	40	35	61
148	40	34	61
149	40	35	61
151	40	34	61
152	40	34	61
152	38	35	61
154	38	35	61
155	39	33	61
154	38	33	61
155	39	33	61
155	39	34	61
155	40	33	60
155	41	33	61
155	41	34	62
156	40	33	62
156	40	33	62
156	40	33	62
155	38	34	62
155	38	34	61
154	38	33	62
153	38	35	62
153	38	35	64
153	40	32	64
153	39	33	65
154	39	34	64
156	38	34	66
156	38	33	65
156	38	33	65
157	39	33	65
157	39	33	65
157	40	33	65
157	39	33	65
157	39	33	65
158	40	33	65
157	41	33	65
157	41	33	65
157	42	32	65
157	42	32	65
157	44	31	66
156	44	32	66
156	45	31	66
156	44	32	65
156	45	32	65
156	44	31	66
156	45	31	65
156	45	31	65
155	45	31	65
155	46	31	64
155	46	31	64
154	47	31	64
153	46	32	65
154	46	32	64
152	46	32	64
153	46	32	64
152	47	34	65
152	47	32	64
152	48	32	64
151	47	33	64
150	47	34	63
151	49	32	63
151	50	33	62
150	49	33	63
150	48	32	63
150	48	32	63
151	49	32	62
151	49	32	62
151	50	32	61
151	49	32	62
151	49	32	62
151	49	31	62
151	50	32	62
150	50	32	62
150	50	34	62
150	49	32	62
150	50	32	62
150	48	33	63
150	48	33	62
151	47	32	64
149	47	34	63
149	46	33	63
148	44	34	64
149	46	33	64
147	45	34	64
145	45	35	65
145	46	35	65
145	48	33	62
141	45	35	65
143	48	32	63
140	45	34	66
140	45	34	67
139	46	34	66
139	45	33	65
139	45	33	65
139	47	34	62
138	46	34	62
135	43	34	67
137	46	32	64
135	46	32	64
135	50	30	60
134	48	28	61
133	47	28	63
133	47	28	62
133	48	28	61
133	49	28	60
133	46	29	63
133	47	28	62
133	46	28	64
134	46	27	62
134	45	26	62
134	47	27	59
134	48	26	58
134	50	26	56
134	49	26	57
135	48	25	57
135	47	27	58
134	44	27	61
134	45	28	60
135	45	27	59
136	45	26	60
136	44	26	62
136	45	26	60
135	46	26	58
136	46	24	56
136	45	24	58
136	44	24	58
135	44	25	58
132	29	27	76
135	42	23	59
131	23	33	82
127	25	30	80
130	24	28	82
130	25	28	80
131	37	26	69
132	39	25	67
131	35	24	71
132	38	26	68
131	37	24	68
132	38	25	68
129	36	26	69
130	35	27	71
129	30	28	76
129	25	29	80
127	27	31	80
129	37	30	69
129	33	30	72
127	26	32	80
129	25	30	81
128	25	30	81
128	23	30	82
129	36	30	70
129	34	29	71
130	37	27	68
132	34	27	71
131	31	26	75
131	35	27	71
131	36	26	70
130	35	27	71
129	35	28	71
128	36	29	71
128	38	29	69
124	41	31	67
121	37	33	70
124	36	30	71
126	45	29	57
126	47	29	60
123	47	30	61
124	44	30	63
124	47	29	62
123	50	29	59
124	48	29	60
123	50	29	58
123	50	29	59
123	49	29	61
122	50	30	60
122	49	30	60
122	49	30	60
121	49	31	60
122	48	30	61
121	49	31	60
121	48	31	61
120	48	31	61
120	47	30	62
119	49	31	60
118	49	32	60
118	50	31	60
117	46	31	66
117	45	31	66
117	47	31	64
115	46	32	65
116	47	31	64
115	50	30	61
114	49	31	61
113	48	31	63
111	48	32	65
110	49	32	65
109	49	32	66
109	48	31	65
108	50	31	64
107	50	31	65
106	51	30	65
106	50	30	65
106	52	30	64
105	53	29	63
103	54	31	64
105	55	29	63
103	55	31	63
103	56	32	62
103	55	32	63
103	55	32	64
102	55	30	62
101	55	31	63
103	56	30	63
101	55	32	64
102	59	30	60
101	56	32	64
101	57	31	61
101	58	30	61
101	58	30	61
101	60	29	60
101	60	29	59
101	57	27	63
101	58	27	62
101	59	27	61
101	58	26	62
101	60	24	59
100	60	25	61
101	60	23	59
100	59	24	63
99	61	24	62
99	58	25	63
99	59	25	63
99	58	25	63
99	60	25	63
99	60	26	63
100	63	25	60
99	60	27	61
100	58	25	62
98	59	27	61
97	59	28	60
95	58	29	61
94	58	30	60
91	57	31	61
90	57	32	61
89	58	31	60
89	57	31	61
89	56	30	62
89	58	30	60
87	56	31	62
86	56	32	63
85	57	31	61
84	57	31	61
84	57	31	60
83	56	30	60
82	53	31	62
80	51	31	63
79	52	31	63
78	51	31	63
77	51	30	62
77	50	30	63
74	49	31	63
73	50	30	63
70	53	32	62
68	51	33	64
67	50	32	65
65	50	30	65
65	49	29	66
64	47	29	68
64	48	30	67
65	46	29	67
64	46	30	67
66	46	29	67
66	46	31	67
66	48	30	65
65	46	29	66
67	53	29	59
67	52	29	61
67	51	29	60
67	52	29	58
66	55	30	55
66	51	30	59
66	53	29	57
66	50	29	60
65	51	29	58
65	50	29	58
65	49	29	59
64	49	30	58
63	49	30	59
62	49	29	59
61	50	29	59
59	51	30	58
58	50	30	59
58	47	29	63
56	46	29	63
55	46	29	63
54	45	29	62
52	45	30	63
51	45	30	62
49	45	30	62
49	45	30	62
48	44	30	62
48	44	30	62
47	44	30	62
45	47	32	60
46	45	30	62
44	45	31	63
43	46	32	63
42	46	32	62
42	46	31	62
41	46	31	62
41	46	31	62
