374.0	134.0	49.0	40.0
375	132	56	47
381	132	56	60
383	135	54	52
385	139	54	55
388	143	53	57
389	144	54	61
388	146	54	58
387	146	51	65
381	153	57	55
378	152	58	55
404	179	32	34
411	185	22	21
407	180	27	24
403	183	29	26
397	179	25	32
363.6894	185.76257	48.800457	32.702103
363.20093	192.1197	50.861202	37.35268
359.52628	199.12431	51.306835	35.776955
363.1917	206.71541	45.840225	35.01346
365.94522	217.04684	44.244457	34.114426
368.97067	225.29895	42.50399	28.407543
379	232	33	25
373	230	44	34
369	223	53	40
369	221	43	35
366	212	45	37
366	200	52	37
361	187	47	37
359	176	47	35
372	165	35	31
330.8361	146.17966	81.82876	63.01442
360.84198	143.65324	56.372543	58.67521
339.28305	176.7267	96.199844	67.95938
240.93048	131.72395	195.42079	118.59763
172.26266	121.31121	247.00554	110.904434
159.86261	68.58229	251.50452	145.19016
132.0697	99.90274	293.78345	170.34906
217.74292	9.610283	162.43886	203.20003
226.66953	138.92053	116.512505	84.54084
219.28864	143.96469	145.80296	78.647484
297	164	49	52
163.7263	92.86622	229.93027	139.9901
287	172	51	62
327	214	38	38
169.73354	51.62047	230.38852	175.57309
337	194	54	50
297	188	56	55
173.91821	89.0163	221.06653	137.30267
251.97476	135.21022	190.38509	132.33939
172.70279	97.78297	185.39607	141.75706
163.77823	97.03762	211.62288	166.57692
250.29715	124.576065	195.40755	146.40549
256.81378	130.88118	177.46803	127.38126
280.32266	157.67871	86.595024	78.244644
301	195	49	47
270	181	42	56
275	187	34	48
228.57965	129.66312	145.75096	124.14226
261.74222	164.2319	144.24567	93.7675
264	193	41	41
231.97607	144.54008	141.86261	112.287476
234.18777	139.92827	188.62563	109.08022
210.10269	132.6271	181.35493	101.21911
236.43195	156.16296	143.38147	79.32057
249	191	33	32
256.4994	170.69156	91.63656	64.22759
248.49554	176.56477	86.66027	56.496803
247	188	39	40
241	181	54	51
219.32422	144.15514	120.379456	86.17312
280	147	49	78
235	183	36	44
219.20984	144.50412	136.56078	98.21736
219	178	48	55
256	182	57	47
290	173	45	42
289	147	67	70
146.69351	108.045364	218.73973	147.59402
126.05521	121.32155	218.04416	116.68931
125.83438	111.56138	231.54245	126.65282
138.38547	119.393326	215.30637	117.56155
187.14803	136.45627	158.37045	97.45331
129.10057	93.97903	225.12643	142.08742
191.24771	90.70855	188.42578	153.77596
350	180	55	43
157.48846	86.02128	255.15483	154.84196
192.00082	128.86612	252.97997	112.44574
323	182	61	49
315	185	52	45
308	187	55	47
293	201	43	35
173.82626	103.26304	174.2252	144.14207
170.9997	89.33439	188.21533	139.9475
163.65338	70.18286	232.55904	164.43994
253	204	60	50
204.6363	132.81645	228.46732	127.289764
248	214	41	39
187.27591	124.77237	210.11964	132.53308
193.30028	122.32477	186.65152	139.01056
178.79784	127.89817	197.85226	143.08672
174.92133	128.61049	220.19208	130.14346
171.93729	137.25119	211.47723	128.70367
196.95715	127.77627	172.1739	134.97078
149.54794	102.66264	187.6924	165.81085
219	206	61	42
211	198	43	42
213	200	53	40
218	193	60	49
153	160	55	50
226	198	60	43
197.16068	139.17114	182.86896	112.04885
214.16403	113.90932	176.69695	133.37158
160.98956	76.15043	272.2578	162.0212
240	201	43	36
240	200	50	39
222	198	28	41
222	206	28	38
232	215	31	41
208.65802	109.45232	248.48326	148.5458
219.17004	124.866806	220.85577	135.32724
269.58362	115.63338	161.38083	87.99033
239	213	33	37
229.90402	122.7038	230.94478	109.53449
238.56114	107.3129	171.18301	112.33436
220.91792	135.97148	157.12784	87.99581
208.83597	121.03257	125.45716	96.396164
234.63263	146.03348	97.810295	72.79242
195.94975	112.35472	190.10574	116.830345
168.10686	29.498962	246.79672	194.15875
259.73148	126.07654	205.59413	116.65265
203.88052	129.24567	196.40105	135.23671
202.52505	118.591095	208.36626	144.26978
209.55435	111.53966	167.50507	137.70767
182.7943	93.53682	168.77792	149.1188
257	208	31	33
181.56104	14.940056	193.84389	216.17488
176.17474	12.137848	200.62952	205.19202
193.39688	26.848175	233.09053	170.33368
219.14926	16.783646	155.44966	115.848785
178.26036	47.505188	192.99246	128.52502
167.08998	14.793953	260.433	154.38542
259.34387	119.98479	251.1007	80.3519
297.17215	114.63738	180.79845	65.76582
302.07825	103.56987	143.06555	62.230312
297.8039	90.232666	202.20401	83.355095
295.44025	79.00235	206.99144	87.95165
303	88	41	65
304	94	31	51
307	97	29	43
148.40274	14.490906	219.97945	129.68555
205.51608	24.194862	147.19734	126.41832
217.16737	26.483288	131.15854	93.70902
187.89491	27.632698	195.27744	112.44188
281.48376	33.183105	219.28737	113.661804
302	88	29	41
304	88	33	40
305	86	31	43
300	78	37	53
185.05656	22.61464	187.78494	152.59818
188.8049	13.445538	179.26817	115.63908
308	86	37	46
202.783	21.62405	177.121	113.05555
162.81964	19.10344	206.64491	119.9946
231.16624	19.875301	105.1846	85.668526
205.07315	25.136726	155.5824	115.00438
190.71988	19.845005	168.6601	110.0628
309	87	30	43
307	87	33	42
308	86	30	42
308	89	30	37
306	85	32	42
315	109	22	21
307	88	31	39
307	88	30	39
309	88	28	39
305	88	31	38
304	87	33	41
307	87	31	41
308	90	32	40
163.1128	8.335892	186.85994	130.70279
232.18607	10.11573	103.4499	92.8065
242.58481	13.443466	88.892166	84.98859
244.2159	22.308037	90.51241	77.058365
240.83626	14.4015465	93.62742	89.04987
225.76614	25.987385	122.65917	96.92742
307	86	33	44
136.53842	2.6778526	158.70418	97.14115
243.9575	13.133575	107.36221	90.95984
248.40086	16.783321	93.02743	100.19834
239.57016	25.702053	111.02002	106.551674
241.69998	22.287724	98.314926	76.13564
229.24564	29.590744	129.36835	99.61163
293.72833	46.874603	70.19766	80.19974
273.20718	25.221386	68.55331	82.67463
258.98575	20.24936	92.42928	84.703766
238.22435	8.507317	94.97111	98.373764
235.03691	4.490036	97.75376	94.14267
208.14737	10.429867	134.80336	82.301704
205.05736	13.754929	152.19437	116.28055
133.37558	-1.4057541	251.71245	202.96892
143.95448	0.6259537	222.09091	173.99596
310	80	34	48
207.39816	19.205238	164.2796	120.34337
266.49866	29.162498	140.34097	105.158585
302.603	73.34502	95.84844	103.58017
325.00592	76.69287	73.11697	101.35574
334.19257	76.19319	68.31826	101.568184
307	81	37	51
300.46164	69.866135	60.80537	51.149693
312	85	31	44
313	85	30	46
313	87	29	42
314	83	30	43
254.99948	32.607742	82.7061	59.533844
254.83347	40.30658	83.55889	46.358307
271.97977	40.39467	66.62884	42.98941
246.97618	15.7266655	100.930756	90.87797
300.08325	26.295586	65.4961	103.80208
315	88	26	40
309.14307	56.326553	46.06411	66.818665
291.46613	76.53583	53.92863	51.67852
283.1391	69.13496	64.759346	54.31779
276.64038	61.997036	71.365616	61.35453
219.5723	4.978939	120.94158	103.331764
312	91	28	38
294.44495	45.38486	85.89773	89.54238
300.47794	85.47389	45.23756	50.655006
276.00098	66.04652	74.03556	62.301605
303.01437	71.85176	67.95823	51.750427
228.6726	21.96547	156.07619	116.703674
304	85	30	41
301	87	31	38
296	75	37	49
287.253	68.83552	73.68847	55.61913
286	72	44	49
295	78	34	41
286	76	40	44
291	71	31	46
247.45547	58.85546	107.56194	83.40251
220.61612	16.178242	128.13628	119.43734
291	73	29	37
264.73242	66.47596	76.24174	52.042072
153.59958	-11.671425	207.76582	171.62852
100.85043	21.41504	292.08603	252.41412
271	59	43	49
259	59	43	43
211.51535	12.657349	198.9561	135.5373
41.231674	11.421455	333.86646	247.38261
47.956482	3.7440338	343.10052	230.999
