39.0	28.0	17.0	14.0
40	28	15	15
42	28	14	14
41	28	15	14
40	28	15	14
41	28	14	14
41	28	15	14
41	28	15	13
41	28	14	14
42	29	13	13
40	28	17	14
39	28	16	15
39	28	15	15
41	28	14	14
41	28	15	15
40	28	18	14
41	28	15	15
39	27	15	15
41	28	14	14
40	28	17	15
42	29	13	12
40	28	16	15
41	29	16	13
41	29	15	12
41	29	15	12
41	28	16	15
40	27	16	16
40	28	16	14
40	28	16	15
39	28	15	15
40	28	15	15
40	28	15	14
41	28	14	14
41	28	15	14
40	27	17	15
41	28	15	14
40	28	17	15
40	28	17	14
41	28	15	15
39	28	15	15
41	28	14	14
42	28	14	14
40	28	17	14
41	28	14	13
39	28	16	14
40	28	16	14
41	29	15	13
39	28	15	15
40	28	16	15
40	28	15	15
39	27	15	14
39	28	16	13
39	28	17	13
45	32	15	16
44	30	17	16
37	27	16	16
38	27	16	15
41	28	15	16
45	30	14	14
48	31	14	15
50	31	15	16
54	34	14	13
56	34	15	15
58	34	15	16
60	35	15	16
63	36	16	16
68	38	13	15
68	38	16	17
72	39	16	17
76	41	14	16
78	42	15	16
81	43	15	15
84	44	14	15
87	45	14	15
90	46	14	16
75.618195	30.94765	44.14126	50.971703
27.493073	-14.41304	189.25967	144.4388
49.648544	125.75535	319.13846	155.82744
190.76721	1.9550705	262.53284	156.79414
31.630875	52.371506	370.684	233.04074
20.809616	88.460945	337.84756	184.83397
30.325058	91.421425	348.04385	196.95793
36.566605	29.541168	398.69443	260.34546
11.021301	20.717712	474.67004	259.6371
38.804504	103.35632	316.25366	174.45996
21.75093	98.96264	338.61008	174.23024
37.28778	124.01217	317.9359	146.14107
278.48096	-0.22763443	224.78358	86.82874
-0.89056396	-80.84323	416.691	328.02246
-0.2659912	72.98078	393.0658	209.4387
27.50122	5.6645355	612.2894	373.58975
12.828323	133.49586	250.20297	156.15158
37.49019	-32.07126	438.0588	323.91248
33.993256	101.24036	391.76044	204.24036
212.51059	3.2210083	258.77985	169.62878
50.399185	97.30926	323.98288	180.97865
63.439774	108.18336	302.03354	167.82097
157	69	16	17
160	70	15	18
163	72	16	17
166	72	16	18
169	74	16	17
173	74	15	18
176	76	15	18
179	77	16	18
182	78	16	18
185	79	16	18
188	80	16	18
191	81	17	18
195	82	16	18
198	83	16	18
201	84	16	18
204	85	17	19
207	86	17	18
210	87	17	19
213	88	17	19
216	90	17	18
220	91	16	18
223	92	17	19
226	93	17	18
229	94	17	18
232	95	17	19
235	96	18	19
238	97	18	19
241	98	18	20
245	99	17	19
247	101	18	19
251	101	17	20
253	103	19	19
257	104	18	19
260	105	18	19
263	106	18	19
249	126	19	22
249	126	19	22
249	126	19	22
249	126	19	22
249	126	19	23
249	126	19	22
249	126	19	22
249	126	19	22
249	126	19	23
249	126	19	22
249	126	19	22
249	126	19	23
249	126	19	22
249	126	19	22
249	126	19	22
249	126	19	22
4.005127	76.45345	414.62097	205.9217
26.772324	36.56814	452.55447	248.37459
34.24742	56.28177	462.33035	231.57233
-8.313171	60.524475	399.16675	232.14221
5.5027466	85.182465	372.8612	193.81989
13.859169	88.951706	251.32536	183.39676
41.705734	102.77734	332.48502	171.3277
18.31163	109.56045	345.55008	162.41951
34.318924	76.75765	374.15634	220.32173
55.162857	115.25096	295.14694	159.69077
22.538864	70.898575	363.07352	209.0632
49.541794	91.882355	342.16287	182.8039
54.782867	106.869316	337.9754	180.96388
22.838608	96.60138	350.9014	183.13165
24.220535	98.33567	335.1976	171.18102
32.390762	106.453026	338.712	168.02675
29.293076	89.14161	385.1873	200.6251
35.816956	72.30552	372.03003	221.4478
58.861572	117.20739	292.85376	153.82668
48.36911	113.008095	308.95587	157.658
248.14102	-1.7958679	228.87994	104.490906
-21.032959	-50.200363	425.1938	358.94846
-11.34108	69.73873	413.74112	208.8647
18.097336	90.12828	414.3976	192.76712
52.898422	74.634964	385.42398	220.9896
179.80463	12.724472	275.07874	136.4307
35.753006	112.67528	337.3033	163.6022
7.2713623	98.470764	361.43457	174.0929
249	126	19	22
249	126	19	23
249	126	19	22
249	126	19	23
249	126	19	22
249	126	19	22
249	126	19	22
249	126	19	22
249	126	19	23
249	126	19	22
249	126	19	22
249	126	19	22
249	126	19	23
249	126	19	23
249	126	19	22
249	126	19	22
249	126	19	23
249	126	19	23
249	126	19	23
249	126	19	23
249	126	19	23
249	126	19	23
249	126	19	22
249	126	19	22
249	126	19	22
249	126	19	22
249	126	19	22
249	126	19	22
249	126	19	22
249	126	19	23
249	126	19	23
249	126	19	23
249	126	19	23
249	126	19	23
249	126	19	23
249	126	19	22
249	126	19	22
249	126	19	22
249	126	19	23
249	126	19	22
249	126	19	22
249	126	19	23
249	126	19	23
249	126	19	22
249	126	19	23
249	126	19	23
249	126	19	22
249	126	19	23
249	126	19	22
249	126	19	23
249	126	19	23
249	126	19	22
249	126	19	23
249	126	19	23
249	126	19	22
249	126	19	23
249	126	19	22
249	126	19	23
249	126	19	22
249	126	19	23
249	126	19	22
249	126	19	22
249	126	19	22
249	126	19	23
249	126	19	22
249	126	19	22
249	126	19	23
249	126	19	23
249	126	19	22
249	126	19	23
249	126	19	22
249	126	19	23
249	126	19	22
249	126	19	22
