293.0	155.0	29.0	30.0
292	154	28	30
292	154	30	30
292	154	30	30
293	154	29	30
292	154	30	31
293	154	29	30
292	154	31	31
292	154	30	30
293	154	29	30
292	154	30	30
292	154	30	29
292	154	31	30
292	154	30	30
292	154	30	30
293	153	30	31
292	154	31	30
292	154	30	30
292	154	31	30
292	154	30	31
292	154	28	30
292	154	30	30
293	154	28	30
293	154	29	30
293	154	28	30
293	154	28	30
293	154	28	30
293	154	28	30
293	154	28	30
293	154	28	30
293	154	28	30
293	154	29	30
293	154	29	31
293	154	28	30
294	153	28	30
295	153	29	31
296	152	28	32
296	150	28	30
297	151	30	32
297	151	30	32
296	151	28	30
297	151	28	30
297	151	29	31
296	151	28	30
298	151	28	31
297	151	29	29
297	152	28	28
297	151	29	31
297	151	29	31
297	151	29	31
297	151	29	31
296	151	28	30
297	151	28	30
297	150	29	32
297	150	30	33
296	151	28	30
297	151	28	29
297	151	28	30
297	151	29	30
296	151	28	30
297	151	29	31
297	151	28	30
296	151	28	30
297	152	28	28
297	152	28	28
297	152	28	29
296	151	28	30
297	151	29	31
297	151	29	31
296	151	28	30
297	151	29	31
297	151	30	31
297	150	30	32
296	151	28	29
296	154	28	27
299	154	30	27
302	155	25	26
296	153	28	26
298	152	29	29
298	152	29	29
297	152	30	30
298	152	29	31
301	155	27	28
303	152	26	29
301	150	27	31
295	149	29	32
290	148	27	31
282	148	27	32
274	148	26	32
263	148	28	32
252	147	30	32
245	148	29	33
237	150	29	33
228	148	28	31
213	159	32	29
200	166	27	27
205	164	28	28
202	160	35	30
210	156	31	30
216	153	30	29
216	153	30	30
216	152	30	30
216	152	30	30
215	152	30	30
216	152	30	30
216	152	30	30
216	153	30	29
217	153	29	29
216	153	29	29
217	153	29	28
215	154	29	28
215	154	29	28
215	154	29	29
215	153	30	30
216	152	30	31
215	154	30	28
215	154	30	29
215	153	30	29
216	153	30	30
216	154	30	29
216	157	24	26
216	157	21	26
216	159	17	25
214	161	20	23
209	156	28	28
208	156	29	29
208	156	29	28
208	154	28	29
208	156	29	28
208	157	28	28
208	156	29	28
208	156	29	28
208	156	28	28
208	156	29	28
207	156	30	28
207	156	29	28
208	156	29	28
208	156	29	28
208	156	29	28
208	156	28	28
207	156	30	28
208	156	29	28
207	156	30	29
207	156	30	29
208	156	28	29
208	155	27	29
208	156	29	29
208	156	28	29
207	156	30	29
208	156	28	28
209	156	28	29
208	155	29	30
208	155	28	29
208	155	27	29
208	155	28	29
207	155	27	30
207	155	27	29
207	155	26	30
207	154	27	30
207	155	27	29
208	155	26	29
207	155	27	29
208	155	27	29
207	154	27	29
208	155	27	29
207	155	26	29
208	155	27	29
207	155	27	29
208	155	27	29
207	154	27	30
208	156	27	29
208	155	27	29
207	155	30	29
208	155	26	29
208	155	29	29
207	155	28	29
208	155	29	29
208	156	28	29
208	155	29	30
208	156	29	29
208	156	29	29
208	156	28	29
208	156	27	29
205	157	28	29
202	158	27	27
200	159	27	27
200	159	28	27
200	159	27	28
200	159	27	28
200	159	27	27
200	159	27	28
200	159	26	27
200	160	26	26
198	159	28	28
198	159	28	28
198	159	26	28
198	159	28	28
199	159	28	28
199	159	27	28
198	160	28	28
199	160	27	26
198	159	28	29
198	160	27	27
198	159	29	28
199	161	27	26
200	163	28	27
202	165	27	27
205	169	27	27
208	172	26	27
207	174	26	27
207	173	27	26
205	170	28	29
203	170	30	30
202	170	32	30
205	174	30	30
204	174	33	34
207	181	31	31
209	191	33	33
212	195	29	31
212	197	30	29
213	196	30	30
211	196	30	31
212	199	29	28
214	202	29	29
214	202	31	30
214	204	31	29
214	204	31	29
214	202	34	32
214	201	34	33
213	202	33	30
213	202	31	30
213	203	33	31
214	202	32	30
214	201	33	31
213	202	32	31
214	202	31	29
214	203	31	28
214	202	34	31
214	200	29	31
215	200	29	32
214	200	29	31
213	200	30	31
214	200	29	32
213	200	30	31
213	199	30	31
214	201	28	30
214	200	41	28
214	198	25	22
214	200	26	24
213	200	28	26
213	200	29	25
214	202	27	22
217	205	24	15
222	214	18	19
221	211	18	21
179.13814	65.88908	28.243988	36.92127
177.61906	72.86401	27.505531	30.706017
175.76666	70.21102	28.420893	29.87862
235	241	27	26
235	240	28	28
235	241	28	28
173.93614	68.69232	28.835615	31.097744
235	236	39	35
237	240	27	30
238	242	28	28
239	243	26	27
239	243	26	27
239	243	26	28
240	245	25	27
245	218	28	27
240	245	26	27
245	217	28	28
240	243	26	28
240	245	25	27
245	218	28	27
245	218	28	27
246	218	27	27
239	243	27	28
239	244	27	27
239	243	27	28
240	242	26	28
239	243	27	28
239	241	27	27
172.34024	64.57586	30.542425	34.43144
172.59767	63.648132	30.281206	34.473293
172.11205	64.01207	29.972193	33.52816
206	237	19	19
171.91019	63.771606	30.469618	34.0386
206	237	19	19
204	237	21	20
172.0852	66.92989	30.624823	31.779644
171.40303	66.92491	29.604898	32.73267
203	237	21	20
169.75499	64.38245	29.347828	35.98144
170.03334	65.60364	30.827812	33.976955
170.57272	65.7512	28.989449	33.287525
168.99353	69.21439	30.470322	31.38365
167.18565	68.68362	29.498013	31.624268
168.28212	65.57106	29.475616	34.201805
239	242	28	29
240	243	26	29
240	243	27	27
240	242	27	28
240	243	27	28
240	242	27	29
239	242	28	30
240	242	27	29
239	242	28	30
240	242	27	29
239	242	28	29
240	242	27	29
240	242	27	28
240	242	27	28
240	243	27	27
240	243	27	27
240	242	27	29
239	242	28	30
240	241	27	31
240	242	27	29
239	242	28	30
240	242	27	28
240	242	27	28
239	242	28	30
240	242	27	28
239	242	28	30
239	242	28	30
240	243	27	28
240	242	27	28
240	242	27	28
239	242	28	30
240	243	28	27
240	242	28	28
239	242	28	30
239	242	28	28
239	242	28	28
240	243	27	27
239	242	28	30
240	243	28	28
240	242	27	29
239	242	29	30
240	242	27	28
240	242	27	29
240	242	27	28
241	243	26	27
240	242	27	28
240	242	27	28
240	242	27	28
241	242	26	28
240	242	27	28
240	242	27	29
240	242	27	29
240	242	27	29
239	241	29	31
239	242	29	30
240	242	27	29
240	242	27	28
240	242	27	29
240	242	27	28
240	242	27	28
239	242	28	29
240	242	27	28
240	242	27	29
239	243	28	28
240	242	27	28
240	242	27	28
240	243	27	28
239	242	28	29
239	242	28	29
239	242	28	29
240	242	27	28
240	242	27	28
239	242	28	30
240	242	27	29
240	243	27	28
239	242	28	29
239	243	28	29
239	242	28	29
240	243	27	28
240	243	26	28
239	242	28	30
240	243	27	28
239	242	27	30
239	242	29	30
240	242	27	29
239	242	27	29
239	242	25	26
262	234	30	30
262	233	30	31
262	233	30	32
263	232	29	32
263	233	30	31
263	233	29	31
263	233	29	31
263	234	29	29
264	234	28	30
263	233	29	30
263	233	28	30
263	234	29	29
264	234	28	29
263	234	29	29
264	234	28	30
237	239	27	29
265	233	29	31
263	234	29	30
262	233	30	31
263	233	29	31
263	234	29	30
263	234	29	30
262	233	30	31
264	234	28	31
236	239	28	29
236	238	28	30
263	233	29	31
235	238	27	32
237	239	27	28
262	233	30	31
236	238	28	30
262	236	28	29
261	240	29	31
262	242	30	30
287	229	24	16
283	231	25	18
262	248	31	24
262	248	30	24
281	229	25	21
282	231	24	17
173.05032	123.31702	30.893494	30.93649
262	248	29	24
283	231	23	18
283	231	23	18
263	248	28	24
262	248	29	24
282	230	24	20
262	248	30	24
282	230	23	20
262	248	29	24
262	247	29	25
281	229	24	21
262	248	30	24
262	248	29	24
262	248	29	24
235	239	28	28
262	248	29	24
262	248	29	24
262	248	29	24
262	247	30	25
264	249	27	23
262	248	29	24
262	247	30	25
262	248	29	24
