144.0	28.0	24.0	29.0
145	28	23	29
145	28	22	29
145	29	23	29
145	30	23	28
145	29	23	29
146	29	23	29
146	30	23	29
145	31	23	28
145	29	23	30
144	29	22	29
144	29	22	29
143	29	22	28
141	27	24	31
140	27	22	29
139	26	23	29
139	26	22	29
138	25	22	29
138	25	22	29
138	25	23	30
137	24	22	29
137	24	23	29
137	24	23	29
137	24	23	29
137	24	23	29
137	25	23	28
138	25	23	30
139	26	23	28
140	26	22	30
141	26	23	31
141	26	22	30
143	27	23	31
143	27	24	31
144	27	24	31
145	27	22	30
146	28	22	29
147	28	23	31
148	28	22	30
149	28	22	30
150	29	22	29
150	29	23	29
152	29	22	29
153	29	22	29
154	29	22	29
154	29	23	29
155	29	23	30
156	29	23	30
158	29	22	30
159	29	22	30
160	30	22	29
161	30	22	29
162	30	23	29
164	31	22	28
165	31	22	29
166	31	23	30
167	31	22	29
168	31	23	29
169	31	22	30
170	32	22	29
170	31	24	31
171	31	23	31
171	32	24	30
170	32	23	30
170	32	23	30
169	32	23	30
168	32	23	30
167	32	23	30
165	31	23	32
163	31	24	31
161	30	24	31
160	43	22	18
157	30	23	29
156	29	22	30
155	29	22	29
154	28	22	30
152	28	22	30
151	28	22	30
151	26	23	32
150	26	23	30
150	26	23	31
151	25	23	31
151	25	24	32
152	25	24	32
153	25	24	32
154	25	24	32
155	25	24	32
156	25	24	32
157	26	24	32
158	26	25	32
159	27	23	30
160	27	23	31
160	27	23	31
159	26	24	32
160	27	22	31
160	27	21	31
160	27	22	31
159	27	22	30
159	26	22	31
159	26	22	30
158	26	24	32
159	25	22	31
158	27	24	29
158	25	23	30
159	26	23	31
159	26	23	31
160	27	22	30
160	27	23	30
160	27	23	30
159	27	24	31
160	28	23	29
160	27	23	30
160	27	24	31
160	27	24	30
160	27	24	31
160	26	23	31
160	27	23	30
160	27	24	31
159	26	23	31
160	27	23	30
160	26	22	30
160	28	23	30
160	27	24	31
161	28	23	31
161	27	23	31
162	28	23	31
162	28	23	30
162	28	23	31
162	29	23	30
162	28	23	30
162	28	23	30
162	27	22	31
161	27	22	30
161	27	22	30
161	26	22	31
160	27	23	32
160	27	23	31
160	27	23	32
160	27	24	31
160	27	24	31
160	28	24	30
161	27	23	31
160	28	24	31
160	28	24	31
160	28	24	31
161	29	23	30
160	29	24	30
160	29	23	29
161	29	22	29
161	29	22	29
161	28	23	30
160	26	23	31
161	28	23	29
160	26	23	31
160	28	22	29
160	27	23	30
160	27	22	30
160	28	22	29
159	26	23	30
159	26	23	30
160	27	22	29
159	26	23	30
158	25	23	31
159	27	23	30
159	26	23	31
159	26	23	30
159	26	23	30
159	26	22	30
160	26	23	31
159	26	23	31
159	26	23	31
159	26	23	30
159	26	22	30
160	26	22	30
160	27	22	30
160	27	22	31
160	27	21	30
160	27	22	30
160	27	22	31
159	27	23	31
159	27	23	31
159	26	24	32
160	26	22	30
159	26	23	32
159	26	24	32
159	26	21	31
159	26	21	30
159	27	21	30
159	26	21	30
159	27	21	30
160	26	21	30
159	27	23	31
160	27	20	30
160	27	21	30
160	27	22	30
160	27	23	31
160	27	22	31
160	28	22	30
160	28	22	30
160	28	22	30
161	27	21	31
160	28	22	30
161	28	21	30
161	27	22	31
161	27	22	31
161	27	22	31
161	27	21	30
160	27	21	30
161	27	21	31
160	27	23	31
160	27	23	31
160	27	22	31
160	27	23	31
160	27	23	31
160	27	23	31
160	27	23	31
161	27	22	31
160	27	24	32
160	27	22	31
160	27	22	31
160	27	23	32
160	27	23	31
160	27	23	31
160	26	23	32
160	26	24	32
159	25	24	32
159	24	24	32
159	22	23	32
159	20	22	31
158	19	23	31
158	18	23	31
158	17	23	30
158	14	23	30
158	10	22	32
158	7	23	32
157	6	25	33
158	5	23	32
158	3	23	32
157	3	23	32
157	3	25	33
157	4	25	33
158	5	24	34
158	7	25	34
159	9	23	32
158	12	25	34
159	15	23	31
159	16	23	31
159	19	23	31
159	20	23	31
159	21	23	31
159	22	24	32
159	23	24	32
159	24	23	30
159	24	24	31
159	23	23	32
159	23	23	32
159	22	23	32
158	21	24	33
158	21	24	32
158	21	23	31
158	21	22	30
158	21	23	30
158	21	22	31
158	21	24	32
159	21	23	31
159	21	23	31
158	20	22	30
158	21	24	33
159	22	22	31
160	22	20	30
160	22	21	32
161	25	19	29
162	25	18	30
163	25	17	30
164	25	16	29
165	24	15	30
165	24	14	29
166	27	14	27
166	26	14	27
166	25	13	28
167	26	13	27
168	24	12	29
168	23	12	29
167	23	12	29
167	25	11	27
167	25	12	27
167	25	12	26
167	27	14	27
167	26	14	27
167	25	13	28
167	25	14	28
166	23	15	30
164	22	16	30
161	22	19	30
160	22	21	30
158	22	23	30
157	22	24	30
157	22	24	31
156	22	25	31
156	21	26	31
155	21	26	31
154	21	27	31
154	21	28	31
154	21	28	32
155	20	26	34
153	20	28	32
153	21	28	31
155	20	25	33
154	20	28	32
155	19	25	34
153	18	28	36
152	18	29	32
153	18	27	34
152	18	30	33
152	18	30	33
152	17	28	35
152	18	29	34
153	18	28	33
153	19	28	32
154	19	25	33
156	19	23	32
156	20	23	31
157	20	21	31
157	20	22	32
158	24	19	28
158	23	19	30
159	22	18	31
159	24	16	28
159	24	18	29
159	24	17	28
159	24	17	29
158	23	18	30
157	22	20	30
155	22	23	30
155	21	24	32
153	18	26	33
153	18	28	35
153	17	28	35
153	18	28	34
153	18	28	34
153	17	27	36
154	18	27	35
154	18	26	34
153	19	28	32
154	20	26	32
154	20	26	32
156	20	24	31
157	20	24	32
158	22	23	29
158	20	23	30
158	21	24	31
158	24	24	28
158	22	24	30
159	21	23	30
159	21	23	30
160	22	23	29
160	22	23	29
160	22	23	30
160	23	23	29
161	22	21	30
161	21	20	30
162	21	19	30
162	20	19	30
161	20	19	30
161	20	20	31
160	20	21	30
159	19	21	30
159	19	21	31
159	20	21	31
159	20	22	31
159	21	22	30
159	20	23	32
159	20	23	32
160	20	21	31
159	20	23	32
159	19	21	31
160	19	20	31
160	19	20	31
160	19	19	31
160	19	19	31
160	20	20	31
160	20	20	31
161	19	17	30
161	20	19	32
161	21	20	30
161	21	20	30
161	20	20	31
161	20	21	31
161	20	21	31
160	20	22	31
161	20	19	31
161	21	21	31
160	21	22	30
160	21	22	30
160	20	23	31
159	20	23	32
159	20	24	30
158	21	25	30
157	20	26	30
155	20	28	33
154	21	29	31
152	20	31	30
152	21	31	30
157	21	25	30
160	21	23	31
160	21	22	31
159	20	23	31
159	21	23	30
159	22	22	29
159	21	22	30
159	21	22	30
159	21	18	29
160	21	21	31
160	21	22	31
160	22	23	29
162	21	19	30
162	23	21	29
163	23	20	29
163	22	20	30
163	23	22	30
163	22	23	31
163	23	20	30
163	22	21	31
162	22	21	31
162	22	21	30
161	22	22	30
161	22	21	30
162	22	19	29
161	23	21	30
162	23	20	30
163	23	19	30
164	22	19	30
163	22	19	31
164	22	19	30
164	22	19	31
164	22	20	32
164	22	19	31
163	22	21	32
162	23	22	31
162	23	22	31
162	23	22	29
162	23	22	29
161	23	23	29
161	22	23	29
161	22	22	29
160	22	22	30
160	21	22	29
159	22	22	29
160	22	21	30
160	23	22	30
161	22	22	31
161	23	22	30
163	23	20	30
163	22	21	30
163	22	21	30
162	22	20	30
162	22	20	30
163	22	20	30
163	22	19	30
163	23	20	29
162	22	19	29
162	22	19	29
161	23	21	29
161	22	19	29
161	22	19	29
162	21	19	29
161	22	21	30
162	21	18	30
163	20	17	31
163	22	18	31
163	22	18	31
163	20	18	30
162	20	19	29
161	22	20	28
159	20	21	29
159	21	21	29
159	20	22	30
159	20	22	29
159	20	22	29
160	20	22	29
160	20	22	30
160	20	21	28
160	20	22	29
160	20	22	28
159	19	24	31
159	18	24	32
160	19	23	31
160	18	24	32
159	18	25	32
159	18	24	32
159	17	24	30
159	17	25	32
159	17	24	31
157	17	26	32
157	17	25	33
156	16	26	35
156	16	25	34
155	17	26	33
154	19	26	31
155	18	25	32
155	18	25	32
156	18	23	32
158	18	21	30
159	19	18	27
159	18	16	28
160	19	16	27
160	18	18	29
160	16	18	30
161	15	18	30
161	14	20	32
161	13	22	32
161	12	21	33
161	11	22	34
160	10	23	34
160	10	25	34
159	10	25	34
159	9	25	35
159	9	26	35
159	9	26	35
159	9	27	35
158	9	28	35
157	8	29	35
156	9	31	35
156	10	31	34
156	11	31	34
155	12	31	32
156	13	31	31
156	13	31	30
155	12	31	30
155	11	31	30
156	12	31	28
155	11	32	29
155	11	32	29
154	11	32	28
155	11	32	28
154	11	32	27
155	12	32	27
155	13	31	26
155	14	31	25
156	14	30	24
156	14	29	24
156	15	30	23
157	15	29	23
156	16	29	22
157	17	29	23
157	18	30	23
156	18	30	24
156	19	28	22
156	19	30	25
154	19	32	27
155	20	31	26
155	20	32	26
155	18	32	28
156	19	31	28
155	20	32	26
155	19	33	28
156	19	32	29
155	20	33	29
157	20	31	28
157	21	32	29
156	21	34	28
158	22	31	29
157	22	33	29
158	22	32	29
158	22	32	30
158	22	31	28
158	21	31	29
157	20	31	29
156	20	33	29
156	19	32	29
156	19	32	29
156	19	32	28
157	20	30	27
157	20	31	27
156	19	32	29
156	20	31	28
156	20	31	27
156	20	31	28
156	20	32	29
156	20	31	29
156	20	32	29
158	20	29	28
156	19	32	29
156	19	31	29
155	18	32	32
155	19	32	32
155	20	31	31
154	18	33	34
154	18	33	33
156	18	29	32
157	18	28	32
156	18	29	31
156	19	29	30
156	17	29	33
157	17	28	33
157	16	28	33
156	16	28	34
156	16	28	34
157	15	27	34
157	15	27	34
158	14	26	35
158	15	26	31
