32.0	21.0	36.0	48.0
33	21	32	50
34	22	29	52
34	28	28	47
34	30	27	48
33	31	29	46
32	32	31	46
30	32	35	48
29	33	33	46
29	33	36	47
31	36	34	45
31	36	33	45
32	37	33	46
32	40	34	44
33	40	34	46
34	40	33	48
35	41	33	47
37	40	33	47
38	39	33	47
42	39	33	46
43	38	34	46
46	38	34	45
48	37	34	44
51	36	33	44
54	35	32	44
55	35	31	45
57	34	30	46
57	33	29	47
57	35	29	47
56	35	28	48
56	35	29	46
55	37	30	45
53	38	31	45
53	38	32	45
53	39	31	45
53	40	31	44
53	41	32	44
54	41	32	45
54	42	32	44
54	44	32	44
55	44	31	45
54	45	31	45
54	46	31	45
54	48	31	45
54	47	31	45
53	48	32	45
53	49	32	44
52	51	32	44
53	51	33	45
53	53	32	44
54	55	34	45
55	55	33	45
55	57	34	46
55	58	35	45
56	60	34	43
56	60	34	44
56	60	34	44
56	61	34	43
56	62	33	43
55	62	33	43
55	63	33	43
55	63	33	43
55	63	33	43
54	62	34	43
53	63	33	42
52	62	34	42
51	62	35	42
52	62	34	42
50	61	36	42
51	62	35	42
50	60	35	42
51	60	34	42
49	59	35	42
49	59	35	43
50	58	34	43
49	57	35	43
49	57	35	43
48	57	36	43
49	57	35	43
48	58	35	42
49	58	35	43
50	58	34	43
49	59	35	42
49	59	35	42
51	59	34	42
51	59	35	43
50	60	34	43
50	60	34	43
51	60	33	44
51	60	33	44
51	60	33	44
51	60	34	44
51	60	33	44
52	59	33	44
52	58	33	44
53	59	33	43
54	60	32	44
54	60	33	43
56	60	33	43
57	60	33	43
58	60	33	42
60	61	33	42
61	61	33	42
62	62	33	42
62	62	34	44
64	63	33	43
64	64	33	43
65	64	34	43
66	63	34	43
66	64	33	43
67	63	33	43
68	63	33	43
67	62	33	43
68	62	33	43
68	61	33	43
68	62	33	43
68	61	33	42
69	60	33	42
70	60	32	43
70	60	32	42
71	61	32	41
71	59	32	43
72	60	33	42
73	59	32	43
74	60	33	44
77	62	32	42
78	62	33	42
79	60	34	44
80	61	35	43
82	61	35	44
85	61	36	44
87	61	35	44
91	63	32	43
92	62	32	45
92	62	35	43
93	62	35	44
94	63	32	42
95	63	31	42
96	63	32	42
97	62	32	42
97	62	32	42
98	62	33	43
99	62	32	44
99	62	32	44
99	63	32	43
100	63	31	42
101	63	31	43
101	64	31	42
101	63	32	43
101	63	33	43
102	63	32	43
103	61	32	45
105	62	31	43
106	61	31	44
108	60	30	43
108	60	31	43
109	60	31	43
109	57	33	45
109	57	34	44
108	57	35	42
109	56	34	43
111	56	34	42
111	56	34	43
110	56	34	44
111	55	33	43
110	55	33	43
110	56	33	43
110	56	33	43
110	56	33	42
110	56	33	42
111	56	33	42
112	56	33	42
113	56	33	42
113	56	33	42
116	58	32	39
117	58	32	41
119	58	33	41
121	57	32	41
122	57	32	41
124	57	32	40
125	54	32	43
125	54	33	43
126	54	32	44
127	54	32	44
128	54	32	44
128	54	32	44
129	54	32	44
128	54	32	44
128	54	32	44
129	54	32	43
128	54	32	44
129	54	32	43
128	54	32	43
129	54	32	42
129	54	32	42
129	54	31	43
130	54	32	43
130	54	32	42
131	55	32	42
132	55	32	42
133	55	32	41
134	55	32	41
134	55	32	42
136	55	33	41
137	56	32	41
138	56	32	42
138	56	34	42
138	56	33	42
138	57	33	42
139	58	33	42
139	58	32	42
139	58	33	41
139	58	30	41
139	58	31	41
139	57	33	41
140	57	32	41
141	57	32	41
143	57	32	41
144	57	32	41
145	58	33	42
145	58	33	42
147	59	32	42
148	57	33	43
148	58	32	43
149	60	33	43
149	61	33	42
149	61	33	41
149	61	33	41
149	61	33	41
148	60	33	42
147	59	32	41
147	60	31	42
143	57	32	43
143	56	33	42
144	58	31	42
144	57	32	43
144	58	32	43
143	58	33	43
144	58	32	43
145	59	32	42
145	58	32	43
145	58	32	43
145	58	32	42
145	57	33	43
146	55	32	43
147	54	32	42
148	54	32	43
148	53	33	43
148	52	34	44
148	52	35	44
149	52	33	43
151	54	33	43
154	55	34	44
155	55	33	44
154	55	34	44
154	56	33	44
155	57	33	43
155	57	33	44
155	58	33	43
156	59	32	43
156	61	31	41
156	62	31	42
156	63	31	42
156	64	31	42
156	65	31	43
156	66	30	43
156	67	30	43
155	66	33	45
154	66	32	45
154	68	30	44
153	66	31	43
153	65	31	42
153	66	31	41
154	66	32	42
156	65	34	43
157	67	29	43
157	66	28	44
156	65	29	45
150	55	33	43
150	54	33	43
149	53	33	43
150	54	34	43
151	54	33	44
151	56	33	43
150	54	34	47
148	58	34	43
148	59	33	43
142	60	34	44
138	59	33	43
133	57	33	43
132	56	31	40
128	55	32	42
126	54	32	42
127	55	32	42
129	55	32	41
131	54	32	41
131	52	31	45
131	52	32	43
130	51	32	43
129	50	32	42
128	50	31	42
128	51	31	43
128	51	30	43
129	52	31	43
129	52	31	41
130	53	31	40
131	53	31	40
132	53	31	40
133	53	32	40
134	52	31	42
134	52	32	42
135	51	32	42
136	50	32	42
137	50	32	43
138	49	31	44
139	50	31	43
140	49	30	44
141	49	30	45
142	49	30	44
143	49	30	44
143	49	30	44
143	48	30	44
142	49	31	43
142	49	31	43
142	49	30	43
141	49	31	42
141	50	31	41
143	51	31	42
144	51	33	43
145	51	33	43
146	51	31	43
147	51	30	44
148	50	30	45
149	50	30	45
148	49	29	45
148	49	30	46
147	49	30	44
146	47	31	46
146	47	31	44
145	47	31	43
145	47	32	44
145	47	32	44
145	47	32	44
145	48	32	42
146	47	32	43
147	46	33	44
148	47	35	44
151	47	32	47
152	47	33	47
153	47	32	48
153	47	33	47
152	47	32	47
152	47	32	46
151	47	33	47
151	47	33	47
151	47	33	47
151	47	34	47
151	47	34	47
151	47	36	43
152	48	33	46
152	48	36	44
152	48	33	46
152	48	33	46
152	48	33	46
152	48	33	46
152	48	35	43
153	48	32	46
152	48	33	47
152	47	34	43
152	48	34	44
152	48	32	47
151	48	34	44
151	49	33	45
150	50	34	45
150	50	34	45
149	50	34	45
147	49	35	43
146	51	34	43
145	51	35	42
144	52	33	41
142	52	32	41
141	54	30	40
139	53	31	42
138	55	32	41
137	55	31	41
135	55	31	41
134	56	32	41
132	56	32	41
131	56	32	41
131	58	32	42
131	57	32	43
130	57	32	43
129	58	33	42
128	58	32	43
128	58	32	43
127	59	32	42
127	59	32	42
126	59	33	42
125	57	33	43
125	59	32	41
124	59	32	40
123	59	31	39
122	58	31	40
121	59	31	39
119	58	32	39
118	57	32	40
116	58	32	39
115	57	32	40
114	57	32	40
112	57	32	40
111	56	32	42
111	57	31	39
110	57	31	39
109	57	32	40
108	57	32	40
108	57	32	40
108	57	31	40
108	57	31	40
107	57	32	40
107	57	32	40
107	57	32	40
106	56	32	42
107	57	31	41
107	57	31	42
108	57	30	43
108	58	29	43
109	58	27	43
109	58	27	43
108	57	27	45
108	58	27	46
108	58	27	45
108	58	27	45
108	58	27	46
108	58	27	46
108	58	27	46
108	58	26	46
108	58	27	46
108	59	28	45
108	59	28	44
109	59	27	44
109	59	27	46
109	60	26	45
109	59	27	47
110	57	26	47
111	59	25	46
113	60	22	44
113	60	22	45
113	66	21	40
117	65	20	40
29.123926	18.473341	36.94363	49.187428
26.974672	18.757053	38.837994	49.356194
145	40	28	54
145	41	28	53
28.086107	17.66395	37.438168	49.538586
145	43	27	50
145	43	28	49
27.70417	18.176865	37.62285	48.76355
145	43	27	49
27.673235	18.668646	38.101803	49.205082
27.87354	18.326468	37.61336	48.885365
28.174206	18.319387	37.399406	49.47051
28.947502	18.430956	36.832413	49.952984
29.552359	18.370388	36.52431	49.649635
29.215393	18.389227	37.085327	49.282673
114	68	17	38
115	67	17	40
112	64	22	42
110	60	23	47
108	60	25	44
107	60	27	46
107	60	27	44
107	60	27	44
107	60	27	44
108	60	26	43
109	59	26	42
110	60	27	42
110	60	28	42
110	60	29	41
110	60	29	42
111	60	30	42
111	60	31	41
111	60	32	40
112	60	31	40
112	61	32	38
113	60	31	40
113	60	32	40
113	60	32	40
113	60	32	41
113	60	32	41
113	60	32	41
113	60	31	42
113	60	31	42
112	61	31	41
112	60	31	44
113	60	30	44
113	60	29	44
112	60	29	43
112	60	29	42
112	61	29	40
111	61	29	41
110	60	30	44
110	60	30	42
110	60	30	42
109	58	30	45
109	59	30	41
109	58	29	40
109	58	29	40
109	57	28	42
109	57	28	43
109	57	27	43
108	57	27	47
108	58	26	46
107	58	27	47
106	59	27	46
106	58	27	46
106	59	26	45
104	61	28	44
104	62	27	43
103	63	27	43
101	64	29	43
100	64	28	42
100	66	27	39
98	66	29	40
95	67	31	43
93	67	32	43
91	68	32	42
89	70	31	40
87	69	31	41
85	67	33	44
84	67	32	43
83	67	32	43
81	67	32	42
80	67	33	42
79	67	33	42
78	66	33	43
77	66	33	42
77	66	33	42
75	66	34	42
74	66	34	43
73	67	34	42
72	67	33	42
70	67	32	43
68	67	33	42
67	67	33	43
66	67	32	43
64	68	32	42
64	68	30	41
61	68	31	42
60	68	30	42
59	68	30	42
59	68	30	42
59	68	30	41
59	67	31	42
60	66	31	42
61	65	32	40
61	63	32	41
61	62	32	42
60	60	32	42
59	59	32	42
59	58	33	43
60	55	32	44
60	54	31	42
60	53	32	43
59	52	33	43
60	51	32	42
59	50	32	43
59	47	31	43
57	43	34	47
57	41	33	48
58	39	33	48
57	38	33	48
57	37	33	46
57	36	33	46
57	35	33	46
58	33	34	45
58	32	34	46
58	30	34	46
59	29	34	46
60	28	34	47
60	26	35	47
60	25	35	48
61	24	35	49
61	23	35	49
62	23	35	49
62	21	36	50
62	21	35	50
62	20	35	50
62	21	35	48
62	20	35	48
60	18	35	46
60	17	34	46
61	17	33	45
61	17	33	44
60	16	33	44
61	15	33	44
61	15	34	43
62	14	33	43
62	12	33	45
63	11	33	44
63	10	34	44
64	10	34	44
65	9	32	44
65	8	32	44
65	8	33	43
65	8	33	44
65	7	33	44
65	7	33	44
64	8	33	44
64	7	34	44
64	8	33	44
64	7	33	45
63	7	34	44
63	7	33	44
63	7	33	43
63	6	33	44
63	6	33	44
64	6	33	44
64	7	34	43
64	7	34	42
64	5	35	44
65	5	34	43
65	6	34	43
66	5	34	43
66	6	34	43
66	5	34	45
66	7	34	43
66	7	33	44
66	7	33	44
66	7	33	45
66	8	33	44
65	7	34	45
65	8	33	44
65	8	33	44
65	8	32	44
64	8	33	43
65	8	32	44
65	8	32	44
65	8	33	45
65	8	34	45
66	10	33	44
66	12	34	43
67	13	34	43
68	13	34	45
69	15	34	45
69	16	35	44
70	17	34	44
71	17	33	45
71	17	34	46
71	19	34	45
72	21	35	44
71	21	35	45
72	22	34	45
71	22	35	45
71	23	35	45
71	24	34	46
70	24	35	46
70	27	34	44
69	24	34	49
70	28	34	45
69	28	36	45
69	29	35	45
69	30	34	44
69	31	34	44
69	32	35	44
69	33	35	44
69	34	34	44
70	35	34	45
70	33	33	48
70	34	34	48
71	35	34	47
73	37	33	47
74	37	32	47
76	37	33	46
77	38	33	46
79	38	34	46
81	39	34	46
82	39	34	46
84	40	34	46
86	40	33	47
87	40	33	47
89	40	33	47
91	40	32	47
92	42	31	43
94	43	30	42
93	42	32	46
93	42	32	46
95	42	32	46
95	43	32	46
96	43	32	46
96	43	32	46
97	44	32	47
97	44	34	46
98	43	32	46
98	43	34	47
98	44	33	47
98	43	34	47
100	44	34	47
99	45	32	45
99	44	33	47
100	44	33	47
100	44	33	47
100	44	34	47
101	45	33	45
102	44	32	45
102	44	33	46
101	45	32	45
102	45	33	46
102	45	32	45
103	44	33	46
103	44	31	45
103	44	32	46
103	45	32	46
104	43	31	46
103	44	33	46
103	44	31	46
104	44	31	46
103	44	31	47
103	44	31	46
103	44	31	46
101	44	32	47
102	45	29	42
102	44	28	42
101	41	28	44
101	37	27	43
100	29	27	48
