38.0	137.0	40.0	111.0
42	138	38	109
41	135	43	110
44	135	45	108
54	135	37	110
60	136	36	108
65	136	34	109
65	134	42	111
73	137	39	109
76	138	41	109
83	137	39	109
85	136	45	111
87	131	50	116
89	133	53	114
94	133	54	114
98	132	57	115
103	135	56	113
111	135	52	113
124	138	45	110
137	135	41	112
141	138	45	109
142	132	51	116
143	132	59	115
147	127	72	120
153	132	64	116
159	126	59	121
168	134	54	114
177	133	47	115
199	143	34	103
203	134	39	114
207	132	41	116
208	132	47	115
228	142	34	100
234	138	37	105
241	137	38	106
249	138	35	105
239	137	51	110
251	137	47	110
266	134	38	113
271	130	37	115
274	130	40	116
278	129	42	115
281	130	47	114
287	126	48	118
295	132	44	112
304	135	38	109
311	135	35	108
317	134	34	110
324	140	32	103
326	131	37	113
328	132	46	110
337	135	36	105
342	133	36	108
338	135	50	107
344	136	45	106
351	136	41	106
358	136	37	105
359	135	38	106
364	137	33	102
366	134	34	101
369	134	34	102
373	135	33	100
371	135	40	103
374	138	39	100
376	140	39	97
381	139	37	98
384	138	36	98
389	139	33	97
391	138	32	96
393	137	31	97
395	138	30	95
397	140	30	92
399	142	29	90
400	142	29	90
402	143	28	89
403	144	27	88
404	142	27	89
395	135	38	97
402	137	30	94
401	137	32	94
397	136	37	93
401	139	34	91
403	139	32	90
403	141	33	88
404	141	33	88
408	141	28	88
406	137	31	90
409	140	28	86
407	136	32	89
408	138	33	87
407	138	33	87
408	141	34	84
412	145	26	80
411	145	27	80
409	138	30	86
409	137	30	87
409	137	29	87
410	137	28	86
409	137	28	84
410	139	28	82
412	142	26	80
409	142	30	80
409	143	30	79
411	145	26	78
411	143	26	78
410	142	26	78
406	140	30	79
408	141	26	78
408	143	24	74
407	143	25	74
404	145	29	72
404	145	27	72
403	145	26	71
402	145	26	72
401	144	27	73
399	142	28	74
397	144	29	73
395	143	30	71
393	145	30	70
392	145	30	69
390	146	29	68
388	145	27	68
385	145	27	68
382	144	28	70
379	144	29	70
378	143	29	69
376	144	27	69
375	145	26	67
373	146	23	66
371	146	22	66
369	146	21	65
366	145	24	66
364	144	26	67
360	145	27	66
359	147	22	63
354	143	30	67
353	146	27	64
349	147	27	62
348	147	23	62
344	147	22	62
340	146	25	63
337	145	25	64
334	145	27	64
331	143	27	63
329	145	26	62
327	146	24	61
327	151	18	55
321	147	20	59
318	146	21	60
316	149	19	57
311	145	25	62
310	148	19	57
306	147	20	58
303	149	20	56
300	148	19	56
298	148	18	56
296	154	17	50
291	148	19	57
286	146	23	59
285	150	18	54
279	143	26	61
274	142	26	61
272	141	26	62
269	144	25	60
267	146	23	58
264	145	20	58
260	147	19	57
257	148	21	55
252	147	24	56
248	145	25	58
247	150	20	53
243	149	18	52
240	148	19	55
236	150	18	52
232	150	18	53
230	153	17	49
226	150	18	53
222	148	20	53
218	150	19	51
214	149	19	51
207	123	24	75
171	138	36	110
173	133	51	116
177	129	53	120
185	134	38	112
188	133	39	112
184	133	54	115
187	129	60	121
198	132	57	116
206	128	55	120
211	124	56	122
216	123	53	123
218	123	59	124
218	125	61	122
222	124	61	124
224	126	64	121
228	128	64	119
233	135	64	111
243	134	56	113
247	136	57	110
252	134	53	112
255	130	54	115
258	131	55	115
263	134	51	111
267	133	51	111
271	136	50	108
276	138	47	106
282	135	46	109
286	135	46	108
292	132	44	111
293	130	47	113
296	128	51	116
297	129	53	113
301	131	53	110
305	134	51	106
310	135	50	106
314	137	48	103
317	136	47	105
319	135	46	107
322	132	48	109
325	132	47	108
329	135	46	105
333	136	46	103
337	137	44	101
338	137	45	101
343	136	43	102
350	136	34	101
350	137	40	101
353	133	39	104
357	133	33	104
359	134	34	103
362	136	34	100
363	138	33	97
367	142	30	92
367	140	32	96
369	142	30	92
370	140	31	93
373	138	31	96
375	138	31	96
376	139	31	94
378	139	31	94
380	141	30	92
382	141	30	91
379	142	39	91
385	140	31	93
386	139	31	94
388	140	30	91
388	134	37	98
389	130	37	102
390	129	38	102
391	131	38	99
392	134	37	97
392	141	36	89
392	134	37	95
393	139	36	91
396	140	29	89
397	138	28	90
397	138	29	90
396	139	30	89
397	139	30	88
398	142	29	85
399	143	29	83
400	141	28	85
402	140	28	86
404	141	26	84
404	140	26	84
403	140	27	84
404	141	27	84
404	142	27	82
404	144	27	79
403	143	27	81
403	144	27	79
403	142	26	80
403	140	27	83
403	140	26	83
403	139	26	83
402	137	27	86
400	140	28	83
399	143	28	80
400	145	26	77
399	144	26	78
399	142	25	79
399	140	24	80
398	139	25	81
398	141	24	77
397	141	23	76
396	141	24	78
393	140	25	80
390	141	27	76
392	146	23	71
389	141	26	75
390	142	25	74
390	139	23	77
389	139	24	77
388	138	25	78
386	137	26	80
384	140	26	76
382	145	26	70
379	141	28	74
378	141	26	73
379	141	23	74
377	139	24	76
376	139	24	76
374	139	23	75
372	138	24	76
371	138	24	76
370	137	23	76
369	137	22	76
368	137	21	76
367	137	21	75
365	141	23	72
363	138	24	74
361	137	25	76
359	140	27	73
357	136	27	76
355	140	26	72
353	142	25	69
352	139	24	72
351	139	22	72
348	139	22	72
346	138	23	73
345	141	20	70
342	138	24	73
340	139	24	71
339	140	24	71
337	143	22	66
336	141	22	69
336	148	18	61
334	146	19	63
331	140	21	69
329	139	23	70
326	141	24	68
324	141	26	68
324	143	20	66
322	145	20	65
318	141	24	67
318	144	19	65
314	143	21	65
312	141	21	66
309	140	23	67
305	140	26	67
304	140	25	67
305	144	20	64
301	143	23	65
299	144	20	63
300	147	17	59
297	146	17	59
294	143	21	63
291	142	22	64
288	140	24	66
285	140	26	66
284	139	26	67
281	139	26	67
279	138	25	67
277	140	23	66
274	142	22	64
273	140	19	65
271	140	20	66
269	139	21	66
266	141	24	64
265	138	24	66
263	141	22	64
261	143	21	61
260	153	16	51
256	142	17	63
254	141	19	64
249	139	23	65
250	142	20	63
248	149	20	54
245	149	21	55
243	149	20	55
241	150	19	55
238	150	19	55
192.06735	133.52408	62.717655	114.1076
200.64423	130.41957	52.573227	118.11471
218.88791	137.727	37.586437	109.71811
224.15988	137.53032	39.23244	109.707634
227.02419	135.03741	44.42402	111.30365
228.36429	132.29819	49.726677	114.673584
220	150	19	54
217	148	19	56
216	150	18	53
212	137	20	67
212	146	17	55
209	144	18	58
207	140	19	63
204	142	20	60
202	146	19	57
199	144	20	58
196	134	23	68
195	147	19	55
193	150	16	52
190	148	17	54
187	147	17	55
185	149	17	53
183	149	17	52
180	148	18	53
178	147	18	53
175	145	20	56
174	143	19	58
171	145	20	57
170	146	19	56
169	147	17	55
165	143	20	59
163	142	20	60
160	141	21	62
158	142	21	61
155	143	22	60
155	144	20	59
150	139	22	63
150	142	21	61
148	144	20	60
147	145	20	58
145	146	19	56
144	145	19	57
140	142	22	60
140	143	21	59
140	143	20	60
138	146	20	58
138	149	18	55
136	147	20	57
135	146	20	59
134	145	20	60
132	144	21	61
130	142	21	63
129	142	21	63
128	146	20	60
126	145	21	61
127	144	21	62
126	145	21	61
124	145	21	61
122	143	22	64
122	145	22	62
122	144	20	62
121	145	20	61
119	141	23	67
121	146	21	61
120	144	21	64
119	143	21	66
118	145	21	64
118	145	21	64
117	143	21	66
117	144	21	65
117	144	21	66
116	144	21	66
115	144	21	66
114	146	22	63
113	144	22	66
112	142	23	68
111	141	23	70
110	137	24	74
111	141	23	70
111	141	24	73
111	143	25	72
110	142	25	71
109	141	25	72
109	141	24	72
108	139	24	74
107	139	25	76
107	140	25	75
107	144	24	72
107	145	24	70
107	143	25	73
107	142	25	75
106	140	27	78
106	139	26	79
106	138	26	80
108	141	24	74
108	140	26	78
109	143	26	77
109	144	27	76
110	143	27	79
110	138	28	84
112	143	26	79
114	139	26	82
115	140	28	81
117	140	28	82
121	144	26	80
124	149	25	76
127	150	27	76
129	139	31	89
136	143	27	82
141	141	27	83
143	138	29	87
149	141	27	83
156	148	25	76
159	146	27	81
165	144	25	83
169	145	25	81
170	136	33	91
172	135	38	91
173	132	48	95
184	135	36	93
181	133	48	93
197	135	32	92
197	130	40	98
205	130	39	97
213	133	36	95
224	134	29	93
229	134	29	94
233	133	30	92
240	135	28	90
244	134	31	91
250	138	28	87
255	139	30	88
253	141	42	86
262	138	38	90
267	137	37	90
271	135	41	92
274	141	41	86
277	139	43	87
282	136	45	89
288	136	42	90
295	139	41	87
302	135	39	92
309	136	35	90
317	139	27	83
319	135	34	91
324	137	31	88
328	136	31	88
332	135	32	88
334	137	33	87
334	135	42	90
338	135	39	89
346	144	30	81
344	136	38	88
347	137	37	87
348	135	36	89
351	134	36	88
352	133	37	89
354	132	36	90
356	133	36	90
357	133	36	90
358	133	36	90
360	131	35	90
362	131	35	90
362	132	35	89
361	133	33	88
362	133	32	86
363	133	30	85
366	137	27	84
362	134	30	85
363	134	30	84
363	135	29	83
364	137	29	81
364	136	28	81
365	139	25	80
364	142	24	77
363	142	24	76
358	143	30	73
356	141	31	75
356	140	29	76
355	139	26	76
354	139	27	77
351	138	28	76
354	145	21	68
351	141	23	72
349	143	22	71
344	141	27	72
343	140	26	74
342	140	24	73
343	144	21	69
340	140	25	72
337	140	27	73
335	139	29	73
332	139	29	72
331	140	28	72
328	141	28	70
326	142	28	69
323	142	26	68
320	143	24	68
319	142	25	68
316	141	25	69
313	141	26	69
311	140	26	70
308	140	26	69
306	140	26	69
302	141	24	68
301	140	22	69
299	140	23	68
297	138	25	69
294	138	27	70
290	137	28	71
287	137	30	71
285	142	29	66
283	143	27	65
277	137	29	70
277	142	23	64
274	140	21	67
272	142	24	64
268	141	25	65
263	140	29	66
261	138	28	68
259	138	27	68
258	143	24	64
255	145	22	61
252	141	21	64
247	140	21	65
244	140	23	64
243	146	20	59
237	141	27	64
237	150	22	55
234	149	21	56
232	150	19	55
229	153	18	51
226	151	17	54
222	150	18	55
219	149	18	54
215	145	20	60
213	147	19	55
170.15375	137.00476	44.34161	89.81354
175.57928	131.36624	53.978386	95.19272
179.79355	137.43623	49.851955	88.68369
188.03848	139.67505	43.076767	86.50402
192.38818	135.7226	40.983265	91.24919
210	145	27	79
217	138	28	87
220	140	30	85
223	138	32	87
232	142	29	80
240	140	28	82
244	142	29	79
252	143	27	79
258	145	27	78
264	143	27	81
266	139	30	86
274	143	25	81
279	145	25	79
283	141	27	82
288	142	29	80
295	141	27	82
299	143	28	80
306	144	26	79
312	143	25	80
318	145	24	78
324	144	25	79
328	143	26	81
333	143	26	79
337	143	27	79
343	144	27	78
348	144	27	77
353	145	28	77
358	147	26	75
361	147	27	77
364	141	28	84
367	140	28	84
368	141	30	83
377	143	27	79
380	142	27	80
382	142	29	81
382	143	36	81
385	143	33	80
388	146	32	78
393	145	31	79
395	143	31	81
400	144	28	79
403	142	27	80
405	143	26	78
406	144	28	77
409	146	27	76
410	147	27	75
411	147	27	75
411	146	26	76
407	145	33	77
408	143	33	78
406	139	34	82
411	141	26	80
411	144	25	76
411	145	25	75
405	148	33	72
405	147	33	72
404	148	32	71
402	146	31	72
401	145	32	74
400	144	31	74
398	144	31	74
396	144	31	73
395	145	30	72
394	146	29	70
394	147	26	69
393	147	24	69
391	146	25	70
389	145	27	71
386	145	29	71
384	144	30	71
381	145	31	70
378	145	32	69
376	145	31	69
374	145	29	69
373	145	25	69
371	144	24	69
368	142	25	71
369	146	21	66
367	147	20	65
365	148	21	63
362	147	21	63
360	148	21	62
356	146	24	65
354	147	22	64
353	148	21	63
350	146	23	65
349	148	20	62
347	148	20	61
345	149	20	61
342	148	20	61
339	149	20	60
338	151	19	58
332	148	24	60
330	148	23	60
328	146	24	63
323	145	26	63
321	145	27	63
318	146	28	61
314	146	28	61
313	147	26	59
310	147	23	59
307	147	22	59
303	146	24	60
301	145	25	61
298	145	26	62
295	143	29	62
292	143	29	61
290	145	28	60
288	146	27	59
286	146	25	59
281	146	23	58
280	146	19	59
276	145	22	59
273	144	23	60
270	144	24	61
266	142	25	61
264	141	24	63
263	145	22	59
259	147	19	56
257	148	18	55
254	148	19	55
250	147	22	56
247	149	20	54
245	146	18	56
242	146	20	56
240	149	18	53
236	150	19	53
233	149	19	55
231	150	17	53
228	152	16	50
224	149	18	54
221	149	18	53
218	149	19	52
215	148	18	51
211	147	19	54
209	148	18	53
207	150	18	52
203	152	17	50
200	152	16	49
198	150	15	49
193	146	21	55
191	147	19	53
187	146	20	54
184	145	20	55
182	145	18	54
179	146	18	54
177	146	18	53
174	146	16	54
170	146	17	55
166	145	18	56
164	145	18	55
161	144	17	54
157	146	19	52
154	146	20	52
151	146	20	52
148	147	19	53
145	149	19	52
144	149	18	53
142	151	17	50
140	151	18	50
139	149	17	51
136	149	18	52
133	147	20	54
131	147	19	54
131	147	18	47
129	148	18	51
127	149	17	49
87.62137	130.4538	52.466404	123.56402
89.49044	134.0074	50.47658	120.34434
89.10858	137.71942	49.270138	116.59276
93.78092	137.27061	44.882854	116.430885
99.566216	136.71404	39.41218	118.22867
101.07106	135.10144	37.861973	118.45601
100.03601	134.00049	38.28009	120.3081
103.37137	134.90283	39.807373	119.06111
102.08331	135.09836	42.985847	118.61543
25	150	14	28
102.714096	134.70746	45.989292	120.794044
105.16559	135.23505	44.908028	118.96771
102.41167	134.32327	47.761536	119.69139
97.25726	137.07774	54.302025	116.53116
92.6469	137.503	56.185814	116.67994
89.59579	134.86743	57.902557	119.1701
89.77351	132.18614	59.052467	122.1279
90.66278	129.73726	57.451424	123.43481
