147.0	65.0	55.0	72.0
151	64	56	71
157	64	57	72
163	65	58	72
170	66	58	73
179	67	59	74
185	72	66	74
190	73	62	73
192	76	64	74
193	78	66	75
193	77	61	73
190	76	60	74
187	76	60	72
181	74	60	72
177	73	58	70
172	72	58	70
169	70	58	71
166	66	57	70
163	64	58	70
160	60	60	71
159	57	61	71
158	54	60	72
157	50	61	74
156	47	61	75
155	43	60	73
154	41	59	72
153	36	60	71
152	34	59	71
151	31	59	71
150	28	59	69
149	26	58	69
149	24	60	69
149	23	58	67
149	23	58	68
149	23	58	66
148	24	60	74
148	24	59	69
149	26	57	67
150	27	59	69
150	29	60	69
151	30	61	69
153	32	59	70
155	34	58	70
159	34	59	72
163	34	62	75
168	33	62	74
177	34	63	75
188	35	61	75
195	31	64	79
201	29	65	79
205	29	67	81
210	30	65	76
212	31	65	77
212	33	63	76
211	34	63	76
209	34	62	77
209	35	62	77
209	35	62	77
209	35	61	77
210	36	63	77
212	36	62	76
213	36	61	76
213	36	63	76
210	35	65	78
206	35	64	78
199	36	64	77
193	36	61	77
183	38	62	74
171	35	63	77
166	38	59	73
157	36	57	74
148	37	60	74
142	39	59	71
134	41	58	71
128	43	60	71
125	45	59	70
123	47	60	71
121	49	60	71
120	53	60	68
120	52	61	73
121	54	61	72
124	54	61	74
128	55	62	73
133	56	60	72
139	55	61	72
146	54	61	72
154	54	56	70
158	52	60	69
163	48	58	72
164	43	61	77
165	39	60	75
168	37	58	73
170	34	58	76
171	32	59	73
171	31	58	71
170	30	59	68
170	28	59	72
168	27	59	70
168	25	59	73
168	23	58	73
169	22	59	69
169	25	58	67
167	21	58	70
167	21	59	69
167	20	57	69
166	20	57	70
164	21	55	69
163	21	57	70
161	23	57	69
159	23	55	68
156	24	58	68
154	27	56	67
152	28	57	69
151	32	55	68
150	34	59	67
148	37	58	68
148	40	59	69
146	42	59	72
145	48	57	71
143	48	56	73
141	50	56	73
138	53	61	71
138	55	61	70
135	57	58	70
134	59	57	70
131	59	56	70
131	61	57	71
129	61	57	70
127	59	60	71
126	61	57	68
122	60	57	69
120	59	57	68
116	59	56	69
113	62	57	68
111	56	57	63
110	59	56	66
109	58	55	65
109	56	56	68
109	55	55	71
107	54	56	68
106	50	55	70
103	49	55	67
98	47	57	67
92	46	61	68
89	44	58	69
87	43	58	66
84	40	56	67
78	36	60	68
74	35	59	68
74	39	56	67
72	39	57	67
69	36	58	68
68	35	60	68
70	43	52	61
67	36	57	64
67	37	54	64
68	38	53	63
72	40	50	59
77	42	43	50
78	45	36	44
82	45	32	33
79	42	37	40
50.97375	-1.4979134	102.26551	105.19033
20.676735	-24.148643	239.99858	240.88075
-0.90470886	-63.07582	329.21262	304.94748
-2.9236755	-86.6982	397.18567	322.1243
-20.10147	-117.97597	468.81146	364.184
-31.873291	-144.47827	534.0321	435.17175
-33.651276	-156.74867	549.9954	445.34647
-6.047104	-52.158287	389.34055	248.88567
-40.028168	-89.16341	428.22528	335.99954
-72.68686	-89.72182	413.9212	296.43655
3.4687958	-41.62104	339.9064	254.49403
3.4104614	-29.714249	355.52454	259.382
-37.284653	-62.940994	445.1462	310.33035
93	56	49	51
7.038452	-23.82022	317.271	200.1037
14.084381	-20.383736	296.6856	248.70863
-11.289093	-103.98593	393.98444	350.80878
-124.69487	-113.673065	463.9885	311.726
26.096802	-3.5342026	234.69208	187.50993
65	73	28	37
6.482834	-58.27849	340.24118	278.54904
103.12238	-10.013924	254.88524	212.51991
26.071945	-133.31404	365.42654	375.7341
63	109	31	42
-5.885391	-84.65933	309.8052	272.40546
20.60836	-10.709061	240.4731	227.35379
-61.148865	-143.73517	376.27856	411.12598
38.586975	-4.8816757	307.91473	222.91093
-9.86235	-140.81691	441.35245	396.683
97.35997	42.39677	106.31362	87.19242
167.69533	42.978172	46.22061	59.99672
169.32668	42.703705	47.487053	64.29489
168.85873	42.355785	50.133846	64.14121
170.5776	41.679543	51.491516	61.60966
171.47893	40.403374	51.736763	64.98906
171.29459	38.650673	51.73488	60.880444
119	47	35	39
118	47	32	33
172.85603	33.24842	53.668682	61.57249
172.07947	31.1241	52.13411	61.999268
171.5799	28.808605	55.54943	64.927864
118	47	30	33
120	48	29	34
118	47	31	32
119	48	29	30
118	47	28	32
119	47	29	33
164.47783	23.353035	52.273712	68.35426
120	47	29	32
118	47	30	31
120	48	28	31
157.40048	18.056122	52.927055	70.136505
153.69215	17.222225	54.027016	66.08527
150.66405	17.506279	53.89327	64.90132
145.29916	17.80664	54.638855	64.87558
141.85103	18.32204	59.967815	69.52499
139.89877	18.252865	54.79097	66.49699
136.3875	18.46933	52.388874	68.15271
132.87962	19.670967	51.90452	67.01506
130.1209	19.671982	54.18697	67.114655
129.46718	21.599003	52.949924	66.05154
222	47	42	45
129.65785	25.863365	53.381817	67.13963
131.4102	27.886467	53.259804	74.24834
228	54	32	36
220	53	43	41
227	51	39	45
222	56	44	43
246	12	45	49
229	65	37	43
230	71	37	42
231	79	34	40
148.15797	55.99639	59.453682	73.15111
214	26	35	50
211	20	30	46
235	78	35	41
214	27	32	47
147.51915	65.514084	57.975433	70.11593
147.68715	65.6895	56.956844	70.46752
146.23392	66.33974	59.666862	70.00786
146.5062	66.436516	54.972244	70.368195
144.67496	66.639786	57.83466	69.65133
142.80113	66.59934	56.29663	70.88373
141.15701	66.611115	58.92891	70.37708
213	115	26	28
138.43181	66.23831	60.326744	71.30634
138.05383	65.68769	58.665096	72.0016
139.08363	64.915375	59.919643	73.0086
140.43614	63.989277	59.212803	73.71191
141.91322	63.521732	60.68349	74.042366
145.73903	61.41361	61.369728	74.87148
148.50214	61.251804	61.76649	75.68661
153.41522	59.90358	63.376595	75.922424
152.91583	58.234512	67.19194	76.67941
157.42366	55.903046	66.90444	76.75949
158.4014	54.295475	68.81251	77.671745
158.04541	52.24686	70.19943	79.08428
120	45	30	33
121	45	29	32
121	45	29	32
119	46	31	32
165.84692	39.55623	78.7288	77.977875
123	46	26	28
118	45	31	32
119	44	33	35
190.72891	24.543072	66.45319	78.07731
119	44	33	35
120	45	31	33
121	45	28	33
120	45	30	33
120	45	30	33
123	45	27	30
123	45	27	30
120	45	30	33
120	45	30	33
121	45	29	33
120	45	30	33
121	45	29	32
121	45	29	32
122	45	28	32
168.72363	-0.3724594	61.58831	70.098495
162.3998	0.0036506653	62.35078	70.69512
158.04973	1.4817848	60.510113	70.370445
154.1411	1.9041367	60.335293	70.8199
151.60785	1.6905289	59.20644	71.82558
149.856	2.4390945	57.386436	72.28636
149.10944	3.2484474	59.22466	71.606926
149.14171	3.7132607	59.401577	71.41146
149.94485	4.4942513	60.197144	71.54684
150.79779	4.7514877	60.235092	71.07826
152.7483	5.748745	61.02518	70.904976
155.62477	6.2522545	61.590588	69.36674
160.10718	6.868416	62.575245	68.7112
124	45	26	30
121	45	29	33
122	46	28	31
123	45	27	32
123	46	27	31
122	45	28	33
122	45	28	33
123	45	27	32
123	45	27	32
141	68	36	39
123	45	27	32
122	45	28	32
122	45	28	32
122	45	28	32
121	45	29	33
122	45	28	33
122	45	28	33
122	45	28	32
122	45	28	32
139	70	40	38
138	70	40	37
138	70	40	36
121	45	30	33
122	45	28	32
123	45	28	32
122	45	29	32
138	70	39	37
122	46	28	31
122	46	28	31
121	45	29	33
123	44	27	33
124	46	25	29
123	46	27	29
146.04013	22.452202	59.376953	70.72502
139.29655	21.529171	59.13959	70.8007
132.7113	19.421116	59.072586	71.59814
127.24749	17.622143	58.946304	69.45719
122.38057	15.841179	59.120567	70.92027
120.72089	14.0971985	61.20069	72.312195
120.802	13.487122	62.426903	71.74405
124.398254	13.05323	63.948635	72.43129
157	88	36	43
138.34956	12.546726	65.34713	71.25527
149.05008	11.374199	61.874275	76.24449
157.15894	10.382881	64.61827	75.653275
164.63399	9.698574	63.964874	77.67234
138	70	40	37
138	70	39	37
139	70	39	36
139	70	39	36
139	70	38	37
139	70	38	37
138	70	39	38
138	70	40	39
139	70	39	38
122	45	28	32
121	45	29	32
122	45	29	32
138	69	42	40
139	69	40	39
121	45	30	32
122	45	28	32
122	45	28	32
122	45	29	32
192.52443	53.85511	57.4164	70.2805
122	45	29	32
122	45	29	32
122	45	29	32
122	45	29	32
122	44	29	33
122	44	29	33
122	45	29	32
121	45	30	32
122	45	29	32
122	45	29	32
186.82072	20.499691	58.048546	69.503456
186.82268	18.975647	57.66274	68.09805
186.58925	17.217964	59.26066	68.77852
187.0383	14.788067	57.65278	68.258095
122	45	28	31
122	45	29	31
140	69	39	38
122	45	28	32
122	45	28	32
140	70	38	37
121	45	29	32
122	45	28	31
124	45	26	29
168.29399	5.1591835	55.9595	67.8594
164.42888	4.7816124	56.966015	67.653206
161.35703	5.167797	57.906315	67.955025
157.4233	5.969948	56.423183	67.67406
153.12157	6.9688034	58.613728	67.48326
149.12273	7.401634	56.659214	67.14708
145.41975	7.7975388	56.471294	67.42998
140.89398	7.565914	58.539745	67.79197
134.88884	8.146538	56.96635	68.52092
159	86	38	44
156	87	39	43
156	83	41	47
157	88	38	41
157	92	37	38
156	91	38	38
157	92	39	37
156	92	37	36
190	119	53	47
156	95	38	34
103.74777	15.44519	62.290928	70.94705
209	124	36	40
102.00872	17.982883	60.6902	67.4378
203	125	42	39
210	126	35	38
93.04603	21.244251	61.61464	71.39977
211	126	35	37
211	124	35	40
209	125	37	39
85.86774	23.22123	64.57963	75.79146
85.29204	23.027409	64.69168	78.446556
84.74573	23.374123	66.454834	74.750626
84.66661	24.606937	65.365166	77.26653
83.89546	25.379494	62.821552	76.59068
81.83562	26.615162	63.970467	76.96902
80.38069	28.065704	66.647255	75.81731
78.55112	30.010159	67.15475	75.195305
211	126	35	41
211	125	35	40
212	117	34	48
212	124	34	41
211	126	35	39
212	126	34	38
211	120	34	45
63.606125	39.623604	67.757996	71.49089
213	125	33	39
61.202713	40.055374	69.6763	70.57538
61.492523	40.83729	68.540985	70.25962
212	124	34	40
61.939793	44.39909	69.49316	71.04905
61.87377	45.492996	70.195114	71.893555
62.92046	46.555054	69.25158	70.96332
60.408707	45.90135	63.972027	70.37751
56.06221	46.361187	63.90746	70.430275
190	118	51	47
150	71	48	49
148	69	52	56
145	68	54	60
153	79	44	49
46.850544	26.37302	66.655266	68.15414
45.222202	23.492767	68.233116	69.29874
142	72	37	37
152	77	46	51
149	73	49	52
152	73	49	54
154	77	44	52
150	73	49	52
144	72	53	53
149	71	51	56
149	72	49	53
150	71	50	55
146	70	52	56
190	120	52	46
148	70	46	55
149	71	49	53
149	72	44	51
150	71	50	56
150	72	47	54
151	72	45	52
149	72	49	55
149	70	51	56
52	0	67	47
53	0	59	48
53	0	66	46
52	0	66	47
55	0	65	48
59	0	62	49
61	1	64	52
66	0	60	55
70	0	59	60
73	0	60	60
76	0	59	63
80	0	61	67
81	0	56	64
82	0	59	69
81	0	57	70
83	0	58	71
83	1	57	72
83	2	59	71
84	4	58	72
85	5	60	72
85	7	58	71
87	9	59	71
89	11	57	71
91	13	59	71
94	15	57	69
97	17	56	69
100	18	59	68
101	20	55	68
101	20	58	72
103	22	57	71
104	24	58	73
105	27	58	72
106	29	56	71
107	31	57	72
109	33	55	73
111	35	58	73
113	38	58	72
115	40	59	72
116	42	59	71
116	43	60	70
118	45	60	71
120	47	58	71
122	48	57	72
124	49	61	72
126	51	57	71
128	52	59	72
130	55	59	71
131	55	59	72
133	58	59	70
136	59	58	71
140	61	58	71
144	62	58	72
146	63	59	72
149	64	60	71
153	64	59	72
155	65	61	72
157	65	62	72
158	67	63	71
161	68	64	70
163	69	60	69
164	69	58	71
165	70	57	70
165	70	58	70
166	71	61	69
166	73	62	69
167	72	58	69
167	72	62	69
166	73	58	67
167	72	61	69
166	73	59	68
166	75	61	67
166	76	61	66
165	78	58	65
164	80	61	63
165	80	58	63
165	80	62	63
165	80	58	62
166	78	60	63
166	78	55	62
167	75	58	65
165	74	56	64
163	73	61	65
167	72	62	69
165	71	60	67
167	71	65	69
159	71	72	66
167	70	60	65
164	71	65	62
162	71	65	63
157	71	67	64
167	72	55	64
158	71	69	63
164	72	67	65
160	71	70	66
168	71	64	66
164	70	64	66
166	70	65	69
166	68	66	70
169	66	64	70
171	65	62	70
171	64	61	70
172	64	61	70
172	62	59	70
171	59	62	71
172	56	60	73
170	55	63	74
170	53	66	74
175	52	66	75
170	51	66	76
176	51	63	73
175	51	67	76
175	49	66	77
178	50	65	76
178	48	64	75
178	49	64	76
179	48	64	76
179	49	66	76
179	50	64	76
179	49	65	75
178	50	63	75
176	50	61	74
175	51	62	74
173	51	62	74
170	52	60	75
167	53	59	75
163	54	61	77
163	56	61	72
162	56	61	72
161	55	60	74
160	54	61	73
159	54	62	73
160	54	60	72
161	53	62	75
160	53	61	73
159	52	63	75
160	52	63	74
160	52	63	74
161	51	63	74
