156.0	38.0	17.0	50.0
157	37	16	49
157	35	17	52
158	35	17	52
158	37	17	50
159	37	16	50
159	38	16	48
157	38	19	49
159	38	19	48
159	39	19	48
160	38	19	48
161	39	19	48
161	38	19	48
163	39	19	48
164	38	20	48
165	38	19	48
166	38	20	48
170	39	15	47
170	37	17	48
172	38	18	48
173	38	17	49
176	38	16	48
177	38	17	48
176	37	19	49
177	38	20	48
178	39	20	47
178	39	22	47
179	39	22	46
180	40	23	47
182	39	22	47
185	39	21	47
190	39	18	47
191	39	18	47
195	39	17	47
196	39	16	49
197	39	17	47
198	39	19	48
200	40	19	47
202	40	19	48
202	41	21	46
209	41	16	48
211	43	16	46
212	43	16	48
213	42	17	47
215	41	16	46
216	40	18	47
219	40	17	47
221	40	18	47
223	41	18	46
224	41	19	46
224	41	21	46
226	42	22	46
227	42	23	45
234	41	18	48
235	40	19	50
233	42	22	45
237	41	22	47
239	41	19	46
243	44	17	44
243	40	19	47
246	46	15	44
247	45	14	44
249	46	13	44
249	44	17	46
252	41	18	51
255	44	15	46
257	45	16	44
259	43	17	47
262	45	16	43
263	43	16	46
263	42	18	45
267	44	17	45
267	42	19	45
270	43	18	46
273	44	17	46
274	42	17	45
275	45	18	46
278	46	16	44
279	47	17	44
281	44	16	47
284	44	16	47
286	44	16	48
288	44	15	48
289	42	16	49
289	43	16	48
291	43	17	48
292	43	17	49
293	43	18	48
296	41	17	51
294	43	21	48
295	44	22	47
297	45	23	47
297	45	24	46
299	46	22	46
300	46	22	46
304	45	20	46
307	45	19	46
307	44	20	47
308	43	19	48
313	44	16	47
315	44	16	46
316	44	16	46
318	44	17	46
318	44	17	46
319	44	18	46
320	44	17	45
322	45	18	46
321	45	21	45
321	45	21	45
323	46	20	45
324	46	20	45
324	46	20	45
327	45	19	45
330	46	17	45
332	45	18	48
332	46	16	45
334	45	16	45
335	46	16	45
336	46	16	46
336	46	16	46
336	46	17	46
337	46	17	45
338	47	17	45
339	47	17	44
340	47	17	45
340	48	17	44
341	49	19	44
342	49	19	44
345	49	16	46
347	49	15	45
349	50	15	44
349	46	17	48
352	47	16	47
353	47	16	47
354	49	16	45
355	49	15	45
354	50	17	43
356	48	16	50
356	50	16	43
358	49	15	46
359	50	14	44
359	53	13	38
359	53	15	41
360	53	14	40
361	53	14	41
362	50	15	45
364	52	16	39
365	53	16	39
366	52	16	38
367	52	17	40
371	50	14	43
370	51	17	45
374	52	15	35
375	50	14	30
375	50	14	24
377	50	14	25
378	48	16	46
379	48	17	45
381	49	18	39
380	51	14	26
381	52	14	26
385	47	17	46
385	44	18	52
387	45	17	50
387	44	17	50
387	47	16	46
388	48	15	44
389	48	15	45
389	48	16	46
391	48	15	47
392	49	14	44
393	49	14	42
393	48	14	44
393.18112	50.46656	12.923884	19.733305
393.29773	50.231663	13.230505	20.74102
394.38016	50.30112	13.021685	21.934916
394	49	13	44
394	49	13	44
395	52	12	43
395	53	12	42
393.87125	51.408787	19.74677	43.692146
393.76108	50.951984	20.125168	44.07714
393.05063	51.737587	21.154015	43.478302
393.79214	52.131542	20.457558	42.96
356	36	10	28
356	35	11	31
356	35	10	29
356	34	10	29
356	36	10	26
355	35	11	28
356	36	9	27
356	36	10	27
356	35	10	27
356	37	9	26
355	37	10	26
391.612	51.202682	13.742028	32.557037
355	37	10	26
389.78763	50.94465	13.997566	31.024174
356	36	10	29
356	36	10	29
355	36	11	29
355	36	11	29
356	35	10	31
385.1005	48.919174	14.115154	28.318598
385	48	13	32
383	49	12	25
383	50	12	25
382	50	11	22
381	50	11	23
380	51	11	23
379	51	12	23
380	48	12	37
379	48	13	37
377	52	11	24
376	50	13	38
376	48	15	43
375	48	14	43
371	48	15	43
372	51	12	24
372	51	12	22
370	52	12	24
366	49	15	43
364	53	14	31
362	52	15	42
361	51	15	43
360	50	16	44
360	51	15	43
359	49	15	45
358	49	14	40
358	50	15	43
356	49	15	42
357	48	15	46
356	48	15	46
355	49	15	43
354	48	15	45
355	49	14	46
355	49	14	45
353	48	15	46
353	48	15	46
353	48	14	46
352	47	13	44
352	46	13	48
351	45	14	49
350	45	13	45
349	45	15	49
348	44	15	49
347	46	14	48
346	45	15	48
345	46	15	45
342	45	16	47
341	44	17	47
342	48	15	43
341	48	16	43
338	44	18	47
337	45	20	47
336	45	21	47
335	45	21	46
337	45	19	48
337	46	19	47
336	46	20	47
336	46	19	46
334	45	21	48
332	44	20	50
329	45	23	47
328	44	22	47
329	45	18	47
325	44	24	47
326	44	18	48
325	44	19	49
323	44	21	49
321	45	22	47
320	44	20	46
320	45	18	47
319	45	17	47
317	45	17	47
317	45	17	47
314	45	17	46
313	46	16	46
311	46	16	46
310	44	16	47
308	44	15	48
307	43	15	49
304	43	16	48
304	43	17	48
302	43	17	49
300	42	18	48
299	41	18	50
297	41	19	50
296	44	18	48
295	44	17	47
294	43	17	49
292	45	16	48
290	47	16	46
289	46	16	46
287	44	17	47
286	44	16	47
284	43	17	47
284	45	16	46
281	43	17	47
279	43	17	47
278	43	16	46
275	44	18	47
274	44	18	47
273	44	18	46
273	44	17	46
272	44	16	44
270	44	17	44
269	45	15	44
268	44	15	44
264	43	16	45
265	44	15	43
263	44	15	45
261	43	16	45
258	42	17	45
258	40	17	50
258	42	15	47
254	42	19	46
257	44	14	46
256	44	14	46
254	44	16	47
252	42	16	51
250	42	16	50
248	45	15	46
245	42	16	45
245	43	15	47
243	44	15	46
240	41	18	48
241	41	15	46
239	43	17	45
236	42	17	45
234	42	17	45
233	40	17	46
231	41	17	47
230	41	17	46
229	41	18	46
229	43	17	45
228	43	16	46
227	43	16	47
226	42	15	48
224	41	15	49
221	41	16	47
220	40	16	48
219	40	16	48
218	41	15	47
217	40	15	48
215	39	16	49
213	42	16	46
212	43	16	45
210	40	17	48
209	42	16	46
208	44	15	45
206	43	16	46
204	42	16	47
202	43	15	45
201	42	15	47
197	39	16	48
195	39	16	47
194	38	17	47
193	39	17	47
192	37	17	49
188	38	19	48
189	37	18	50
185	38	21	48
