126.0	15.0	32.0	33.0
125	15	32	32
124	14	32	33
123	14	31	33
121	14	32	33
121	15	32	32
119	14	32	34
118	14	32	34
117	14	31	33
115	14	32	32
114	14	32	33
113	14	32	33
112	15	32	33
112	14	31	34
111	14	31	33
110	14	32	33
109	14	32	32
109	13	32	34
108	13	32	34
107	13	32	33
106	14	31	32
105	12	31	32
104	11	31	32
101	9	32	33
99	9	32	33
98	8	31	34
96	9	31	33
94	9	32	33
93	10	32	32
92	10	31	33
90	11	31	32
88	10	32	32
87	10	32	32
86	9	32	33
86	10	31	32
85	11	31	32
84	12	31	32
83	12	31	32
81	13	31	32
79	13	31	32
78	13	31	32
77	13	31	32
76	13	31	33
74	14	32	33
74	14	32	33
73	14	32	32
73	14	32	32
73	14	32	32
74	14	31	33
74	13	32	34
74	14	32	33
74	14	32	33
73	14	32	34
72	14	32	34
72	14	32	34
70	15	33	33
70	15	32	33
69	15	32	33
69	15	31	34
68	15	32	33
69	14	31	34
69	14	31	34
69	14	31	33
68	14	32	34
69	13	28	36
70	14	31	34
70	14	31	34
70	13	29	36
69	15	31	33
69	13	28	36
68	15	31	33
68	15	31	33
68	15	31	33
68	14	28	36
68	14	28	36
68	14	29	36
68	14	29	36
68	14	29	36
67	14	28	36
67	14	29	36
67	14	29	36
67	14	29	36
66	14	29	36
67	14	28	36
66	14	29	36
67	14	29	36
66	14	29	36
66	14	29	36
65	14	29	36
65	14	29	36
66	14	28	36
67	14	29	36
66	14	29	36
66	14	29	36
65	14	29	36
66	14	29	36
65	14	29	36
65	14	29	36
65	14	29	36
65	14	29	36
65	14	29	36
66	14	29	36
65	14	29	35
65	14	28	36
66	15	29	32
66	13	28	36
66	13	28	36
66	13	28	36
67	15	28	32
67	15	29	31
67	15	29	31
68	15	28	31
68	15	28	32
68	15	28	31
68	14	28	32
67	14	28	32
68	15	28	31
68	14	27	31
68	14	28	32
68	14	28	32
68	14	29	33
68	14	29	32
68	14	29	32
69	14	28	32
68	14	29	32
68	14	29	32
68	14	29	31
69	14	28	31
68	14	28	31
69	13	28	32
69	13	28	31
69	13	28	31
69	13	28	31
69	13	28	31
69	13	28	31
70	13	27	31
70	12	27	32
70	12	27	31
70	12	27	30
69	12	28	32
69	12	28	31
69	12	28	32
69	13	28	31
69	12	28	31
69	13	28	32
69	12	28	32
69	13	28	31
69	12	28	30
69	12	27	30
68	11	29	32
69	11	27	30
69	12	27	31
69	12	28	31
69	11	27	30
68	10	27	31
67	10	28	30
67	11	27	29
66	9	28	31
65	10	28	29
67	9	26	30
67	9	27	30
67	9	28	30
67	9	27	30
66	9	28	30
66	9	29	30
65	8	29	31
64	8	29	31
64	9	28	34
63	8	29	30
63	7	29	32
64	7	28	32
51	9	40	41
51	9	39	41
50	9	38	42
50	9	38	42
52	18	36	33
54	17	33	33
56	17	31	31
57	14	29	34
59	17	28	30
59	15	29	32
60	14	31	34
60	15	31	32
59	13	30	36
60	14	29	34
60	17	27	30
58	18	29	31
57	18	29	31
55	21	27	28
54	21	28	29
54	22	28	29
54	22	27	30
53	22	27	29
52	23	26	28
51	22	26	28
52	22	26	29
51	22	27	29
50	23	26	28
50	23	27	28
49	23	28	29
47	25	27	28
47	24	26	28
46	24	27	28
45	24	26	28
44	24	27	28
44	24	27	29
44	24	26	29
42	23	27	29
41	23	26	29
41	23	26	29
64	8	30	32
65	7	29	35
64	8	30	33
64	7	29	36
64	7	29	36
64	7	28	37
65	8	28	36
66	8	27	36
66	9	27	35
66	9	28	35
65	10	28	35
65	9	28	35
65	10	28	35
65	10	28	35
65	10	28	35
65	11	28	35
65	11	28	35
65	11	28	35
64	11	28	35
64	12	28	35
65	12	28	35
65	13	28	35
65	14	28	35
66	14	28	35
65	14	28	35
64	14	28	35
64	14	28	34
63	15	31	32
63	14	28	34
63	14	28	35
63	15	28	34
63	15	31	33
64	15	28	34
64	15	28	34
64	15	28	35
64	16	28	35
64	15	28	35
65	16	28	35
65	16	28	34
64	17	28	35
65	17	28	34
65	17	28	34
66	17	28	34
65	17	27	34
65	18	28	34
66	17	28	34
65	17	28	34
65	16	28	34
65	17	28	34
64	17	28	34
64	17	28	34
63	17	28	34
62	18	28	34
61	18	28	34
60	18	28	34
59	18	28	34
57	18	27	34
54	19	31	31
53	19	30	31
52	18	28	34
50	19	30	31
48	19	31	31
48	18	28	34
47	18	29	34
46	18	28	34
45	18	29	34
44	18	28	34
43	18	29	34
42	18	29	34
42	18	29	34
42	19	29	34
43	18	28	34
43	18	29	34
44	19	31	32
45	19	31	32
47	18	28	33
48	19	28	33
50	18	28	33
51	19	28	32
52	19	28	32
54	19	28	32
54	18	28	32
55	19	28	31
56	19	28	31
57	19	28	31
58	19	28	31
58	19	28	31
60	19	28	30
60	19	28	30
60	19	28	30
61	19	28	30
62	20	28	28
63	18	28	29
63	19	28	29
63	19	28	28
64	20	28	28
64	20	28	28
64	19	28	28
64	19	28	29
64	20	28	28
65	20	27	28
66	19	28	29
66	21	28	28
67	20	28	29
67	21	28	28
67	21	28	27
68	21	28	28
69	20	28	28
70	20	27	28
72	19	27	28
71	19	28	28
72	18	28	28
74	19	28	28
75	18	29	28
75	18	29	29
75	17	29	29
76	18	29	28
76	16	29	29
77	16	29	29
79	17	29	29
78	18	30	28
78	18	29	29
79	19	29	29
79	19	29	28
78	20	29	28
77	21	29	28
78	22	29	28
76	22	30	28
76	23	29	28
76	23	29	27
76	24	29	28
76	21	29	27
76	22	28	28
77	21	28	29
77	23	26	28
77	22	28	29
78	23	25	28
78	21	28	33
79	28	25	25
79	29	26	25
79	29	24	26
79	27	25	27
78	24	29	35
77	40	31	31
78	41	30	26
77	41	31	29
78	41	30	28
78	42	31	29
79	42	30	28
78	43	31	30
78	43	30	29
78	43	29	28
78	44	29	27
77	42	29	29
78	43	29	29
79	43	29	30
78	43	29	29
78	44	29	29
77	44	29	31
77	43	30	30
77	43	30	29
78	44	28	29
78	43	28	28
77	44	28	28
77	44	28	27
78	44	28	27
