154.0	46.0	9.0	19.0
154	46	8	18
153	45	8	19
153	45	9	19
153	46	9	18
153	45	8	19
153	45	10	18
152	45	9	18
151	45	9	18
150	44	10	20
151	44	10	18
151	44	11	17
151	44	10	18
151	43	10	18
151	43	10	18
150	43	9	20
150	42	10	19
150	43	11	20
150	43	8	20
149	42	10	19
149	43	9	20
149	43	9	19
149	43	8	19
149	43	8	19
149	43	7	19
148	42	8	21
148	43	7	19
148	42	7	20
147	42	8	20
147	40	10	21
147	43	8	19
147	42	8	20
147	42	8	21
147	41	7	21
146	40	9	23
147	41	7	21
147	41	7	21
147	41	7	20
147	41	7	19
146	39	9	21
147	41	7	20
147	41	7	20
147	41	7	20
147	41	7	19
147	41	7	19
147	40	7	20
147	40	7	20
147	40	7	19
146	40	8	20
147	40	7	19
146	40	8	19
147	40	7	19
146	39	8	20
146	40	8	19
146	40	7	19
146	39	7	20
146	40	7	19
145	39	8	20
145	39	8	20
145	39	7	20
145	39	8	20
144	39	7	20
144	39	7	20
144	40	7	18
144	38	7	20
144	38	7	20
143	39	7	19
143	38	8	21
143	37	8	22
141	36	8	21
143	38	7	20
142	38	8	20
143	38	6	19
142	38	7	19
143	38	6	20
142	38	6	19
142	37	6	20
141	37	7	20
141	37	7	20
141	37	7	18
141	37	7	19
140	36	8	19
140	36	8	20
140	37	7	19
140	35	7	21
139	35	9	21
139	35	8	21
139	35	8	21
139	35	7	21
138	35	8	21
138	35	8	21
138	34	8	21
138	34	7	21
137	34	8	21
137	34	8	21
137	34	7	21
137	34	7	21
136	35	8	19
136	34	8	21
136	34	7	21
136	34	7	21
136	34	7	21
135	34	8	21
135	34	7	21
135	34	7	20
135	34	7	21
135	34	7	20
135	34	7	20
135	34	7	20
133	32	8	20
134	33	8	20
134	33	8	20
134	32	8	21
134	33	7	20
134	33	7	19
134	32	7	20
133	32	8	20
133	32	7	20
133	32	7	20
133	32	7	20
133	32	7	19
133	32	7	19
133	32	7	19
133	32	7	19
133	32	7	19
132	32	7	19
132	32	7	19
132	31	7	20
132	32	7	18
132	32	7	18
132	32	7	18
130	29	9	20
131	30	8	21
131	29	7	21
131	29	7	21
131	30	7	20
130	30	8	20
130	30	8	20
130	29	8	21
130	29	8	21
130	29	8	21
130	29	8	21
130	29	8	21
130	29	8	21
130	29	8	21
130	29	8	21
130	29	7	21
130	29	7	20
130	28	7	21
130	28	7	20
130	28	7	20
129	27	8	22
129	27	8	21
129	27	8	21
129	27	8	20
128	26	9	19
129	27	8	21
129	26	8	22
129	27	8	20
128	26	9	19
128	25	9	19
127	26	8	20
127	25	8	19
127	26	8	19
127	26	8	19
127	26	9	19
126	25	9	20
126	25	9	20
126	24	9	20
126	24	9	20
125	24	10	20
127	25	7	20
127	26	7	19
126	26	8	19
126	26	7	19
126	26	7	19
126	25	7	20
126	25	7	20
126	25	7	20
126	24	7	21
126	24	7	21
126	24	7	21
126	25	6	20
126	25	6	20
125	25	8	20
126	25	7	20
126	25	7	20
125	24	8	21
125	25	7	20
125	25	7	20
125	24	8	21
124	23	9	21
125	23	8	22
124	23	10	20
124	23	9	20
124	22	10	19
123	22	10	20
124	21	10	20
123	21	9	20
124	22	9	20
124	21	9	20
124	22	9	19
124	22	9	19
124	21	9	19
124	22	9	19
124	22	9	20
124	22	9	20
124	21	9	20
124	21	9	20
123	21	9	20
123	20	9	20
123	21	9	20
123	20	9	20
123	21	9	20
123	21	9	20
123	20	9	19
123	21	9	19
123	20	9	20
123	21	9	19
124	21	8	19
124	20	9	19
124	20	8	19
124	20	8	19
124	20	9	19
124	20	10	19
124	20	9	19
124	20	9	19
124	20	9	19
124	20	9	19
124	20	9	19
124	20	8	19
124	20	8	19
124	20	8	19
124	20	8	19
124	20	8	19
124	20	8	19
124	20	8	19
123	21	8	19
124	21	8	19
123	21	8	19
123	20	8	19
123	21	8	19
123	20	8	19
123	21	8	19
123	20	8	19
122	20	8	19
122	21	8	19
123	20	8	19
123	21	8	19
123	20	8	19
123	20	7	19
123	21	7	18
123	20	8	19
122	20	8	19
123	21	8	19
123	22	7	19
123	22	7	19
123	22	7	19
123	22	7	19
123	22	8	19
124	22	7	18
123	22	7	19
123	22	7	19
123	21	8	20
124	22	6	19
124	22	6	19
122	21	8	21
121	22	8	19
123	23	6	18
122	22	7	20
121	22	8	20
121	22	8	20
122	22	8	19
122	22	8	19
122	22	8	19
123	21	7	21
122	21	8	21
122	21	8	21
122	21	8	21
123	22	7	20
123	22	7	21
123	23	6	20
123	21	8	22
123	22	7	21
122.26903	20.887257	10.887424	21.046267
123	22	8	21
123	22	8	21
123	23	7	19
123	22	8	21
124	22	9	20
123	21	10	20
123	21	10	20
126	22	8	17
127	22	7	17
128	22	6	17
127	22	7	17
123	23	7	19
125	21	10	18
123	22	9	19
126	21	8	17
123	22	8	19
125	20	10	20
123	22	8	20
127	20	9	19
123	21	7	20
123	21	8	20
123	21	8	21
125	19	10	20
125	19	10	21
125	19	10	20
123	20	11	21
123	19	11	21
123	19	12	22
123	19	12	22
123	19	12	22
122	19	12	22
122	19	12	23
122	19	12	22
122	19	12	22
122	19	12	21
122	19	12	22
123	19	12	23
122	19	12	22
123	18	12	22
122	18	12	22
122	18	12	23
122	17	12	23
123	17	12	23
122	19	12	22
122	17	12	21
122	18	12	22
123	17	12	23
122	18	12	23
123	18	12	23
122	18	12	22
123	19	12	23
122	18	12	22
123	18	13	22
123	18	13	22
123	18	13	21
123	19	12	21
124	19	12	21
123	19	13	21
124	19	12	22
126	19	11	21
127	19	11	21
126	18	11	21
126	18	11	21
127	18	11	21
127	18	11	21
129	18	9	20
129	18	9	20
130	18	8	19
130	19	8	20
130	18	8	20
131	18	8	19
131	19	8	20
130	19	8	21
130	18	8	21
130	18	8	21
130	19	8	20
130	19	8	20
131	19	8	20
130	19	8	20
130	19	9	20
130	19	9	19
134	21	6	19
131	20	8	19
133	21	7	18
131	20	9	20
131	20	9	19
132	20	9	20
131	20	9	19
132	20	9	20
132	20	9	19
132	20	8	20
131	20	9	19
132	20	9	19
132	20	9	19
131	20	9	19
133	20	8	19
132	20	8	19
133	21	8	19
132	21	8	19
133	20	8	19
133	21	8	19
133	20	8	19
133	21	8	19
133	20	8	19
133	20	8	19
133	21	8	19
134	21	8	18
134	21	8	19
133	21	8	19
134	21	8	18
133	20	8	19
134	20	8	19
134	21	8	19
133	21	8	19
134	21	8	19
134	21	8	19
134	20	8	19
134	20	8	19
134	21	8	19
134	20	8	19
134	21	8	19
134	21	8	19
134	21	8	19
134	20	8	19
134	21	8	19
134	21	8	19
134	21	8	19
134	21	8	19
134	20	8	19
135	21	7	20
134	21	8	20
134	21	8	20
134	21	8	20
133	21	9	20
134	22	8	19
134	22	8	19
134	22	8	19
134	22	8	19
134	22	8	19
134	21	7	20
134	21	7	20
134	21	7	20
133	21	8	20
133	21	8	20
133	21	8	19
133	21	8	19
133	21	8	19
133	21	8	19
134	21	8	19
133	21	8	19
133	21	8	19
134	22	7	19
133	21	8	18
133	21	8	19
134	22	7	19
134	22	7	19
132	21	8	18
134	21	7	20
134	21	7	20
133	21	8	19
133	21	8	19
133	21	8	19
133	21	8	19
134	21	8	19
133	20	8	19
135	21	7	20
133	20	8	19
134	21	8	19
134	21	8	19
135	21	7	20
133	21	8	19
133	20	8	19
133	21	8	19
133	20	8	19
132	21	8	19
133	21	8	19
132	21	8	19
133	21	8	19
132	21	8	19
133	22	8	19
132	21	9	19
132	21	8	19
132	22	8	19
133	21	8	18
133	22	8	18
132	22	9	18
133	22	8	18
133	22	9	18
133	21	9	18
132	22	9	18
133	22	9	18
133	21	9	18
133	22	9	18
133	21	8	18
133	21	8	18
133	22	8	18
133	22	8	18
133	21	9	18
133	21	8	18
134	22	8	19
133	21	8	18
134	22	8	19
134	21	8	18
134	22	8	19
134	21	8	18
134	21	8	18
134	21	8	19
135	21	8	18
133	21	8	19
134	21	8	18
134	21	8	18
135	23	8	18
134	21	8	18
134	21	8	18
134	21	9	19
134	21	8	19
134	21	8	19
136	23	6	18
135	23	7	18
133	21	8	19
133	21	8	19
133	21	8	19
133	21	8	19
133	21	8	19
133	20	8	19
133	21	8	19
135	23	7	18
133	21	8	19
133	21	8	19
133	21	8	19
133	20	8	19
133	21	8	19
132	21	9	19
133	20	9	19
133	21	8	19
133	21	8	19
133	21	8	19
134	21	8	19
134	21	8	18
134	21	8	18
134	22	8	18
134	22	8	18
134	21	8	18
134	21	8	18
134	21	8	18
134	21	8	18
134	21	8	18
133	21	9	18
134	22	9	18
134	21	9	18
134	21	9	18
134	21	9	18
134	21	9	18
133	22	9	17
134	21	9	18
133	21	9	18
133	22	9	18
134	21	9	18
134	21	9	18
132	21	10	18
134	20	9	18
134	22	9	18
135	21	9	18
134	22	9	18
134	21	9	18
135	21	9	18
135	21	9	19
135	22	9	18
135	22	8	17
134	22	9	18
134	22	9	18
134	22	10	17
132	21	11	18
133	22	10	18
133	22	10	18
132	21	11	18
133	22	11	17
133	21	11	18
133	22	11	17
133	22	11	18
132	20	11	20
134	21	10	19
135	22	9	18
135	22	9	18
137	22	9	21
134	22	10	18
135	22	9	18
139	25	7	16
132	16	8	21
132	16	8	21
135	22	10	17
133	16	7	20
133	15	8	22
133	16	7	20
133	16	7	20
135	21	10	19
135	22	10	18
136	20	10	20
135	21	9	19
136	22	10	18
136	23	9	18
135	20	10	20
135	20	10	20
136	20	10	21
136	21	10	20
137	23	10	18
137	21	10	19
136	22	10	19
137	23	10	17
136	21	11	19
137	22	10	18
137	24	10	17
136	22	11	19
137	24	10	17
137	22	11	18
137	23	11	18
139	22	9	20
136	23	11	18
139	24	8	18
139	24	8	18
137	22	10	19
138	23	9	18
137	22	9	19
138	22	9	19
137	22	10	19
137	22	10	19
137	21	10	19
137	22	10	19
137	23	9	19
137	22	10	19
137	21	10	19
137	22	9	19
136	22	9	19
137	21	10	19
137	22	9	19
137	22	10	19
137	21	9	19
137	22	9	19
137	22	9	19
136	22	9	19
137	22	9	19
137	22	9	19
137	22	9	19
137	22	10	19
137	22	9	19
137	22	9	19
137	22	10	19
137	22	9	19
137	22	9	19
136	21	9	19
137	22	9	19
137	22	9	19
137	22	9	19
137	22	9	19
137	22	9	19
137	22	9	19
137	22	9	19
137	22	9	19
137	22	9	19
136	22	9	19
137	22	9	19
136	22	9	19
137	22	10	19
137	22	9	19
136	22	9	19
136	21	10	20
136	21	9	19
137	22	9	20
137	22	9	19
137	22	9	19
137	22	10	19
137	22	10	19
137	21	9	19
137	22	9	19
137	21	10	19
137	22	9	19
136	21	10	19
137	22	9	19
137	22	9	20
137	22	9	19
137	22	9	19
137	21	9	19
137	21	9	19
137	22	9	19
137	21	10	19
137	21	9	19
137	21	9	20
137	22	9	19
137	22	9	19
137	21	9	19
137	21	9	19
137	22	9	20
137	21	9	19
138	22	9	19
138	22	9	19
138	22	9	19
138	21	9	19
138	21	8	19
138	22	8	19
138	22	9	20
138	22	9	19
138	22	9	19
139	22	9	19
138	21	8	19
139	22	9	19
139	22	9	19
139	22	8	19
139	21	8	19
139	21	8	19
139	22	8	20
139	21	8	19
139	21	8	20
139	22	8	19
140	21	8	19
139	22	9	20
140	22	8	19
139	22	8	20
140	23	7	20
140	22	7	21
140	23	8	19
140	23	8	19
140	22	8	21
140	22	8	21
140	22	8	21
140	23	7	19
140	23	8	19
140	23	8	19
140	23	8	19
140	23	8	20
140	23	7	19
140	24	7	18
140	23	7	19
140	23	8	19
140	23	8	20
140	23	8	20
140	23	8	20
139	22	9	19
140	23	7	19
140	23	8	20
140	23	7	19
140	23	8	20
140	23	7	20
140	23	8	20
140	23	7	20
140	23	8	20
140	23	7	19
140	23	7	19
140	23	7	20
140	23	7	20
140	23	7	20
140	23	7	19
140	23	7	20
140	23	8	20
140	23	8	20
140	23	7	20
140	23	7	20
140	23	8	20
140	23	7	20
141	23	6	20
140	23	7	20
140	23	7	20
140	24	7	19
141	24	6	18
141	24	6	18
141	24	6	18
140	24	7	18
140	23	7	19
141	24	6	18
141	24	6	18
141	24	6	18
141	23	7	19
141	23	7	20
142	23	6	19
142	24	6	17
142	24	6	17
142	24	7	18
142	24	7	18
142	25	7	17
142	25	7	17
143	25	6	17
143	28	7	14
143	27	7	15
143	26	7	16
140	27	9	14
143	27	7	16
143	28	7	14
143	27	7	15
139	27	10	14
140	27	10	14
141	29	9	12
140	28	9	14
141	28	10	13
140	28	9	13
140	29	9	12
139	29	10	12
140	29	10	12
139	30	10	13
139	29	10	13
140	28	9	15
139	28	10	14
138	29	11	13
138	28	11	14
140	28	9	14
138	30	10	12
138	29	10	13
138	29	10	12
136	29	11	12
141	30	6	13
140	30	7	13
137	31	9	11
135	29	11	13
134	29	11	13
136	30	9	13
133	29	11	13
132	29	13	13
132	29	12	13
135	28	7	15
135	29	6	13
135	29	6	13
134	29	6	13
134	29	6	14
133	29	6	15
132	29	7	15
132	29	6	14
131	27	6	17
129	26	8	18
129	27	8	17
128	28	7	17
128	29	6	16
127	28	6	16
126	27	6	17
125	27	7	18
124	25	8	20
123	25	9	20
122	25	9	20
122	26	8	19
121	25	8	20
120	26	8	19
120	27	7	17
119	27	7	17
118	26	7	19
118	25	7	20
116	24	8	20
117	26	7	18
116	25	7	19
115	25	8	20
115	25	7	20
114	26	7	18
114	26	7	18
113	26	7	19
112	27	7	17
111	26	7	18
110	26	8	19
110	27	7	17
110	26	7	19
109	26	7	19
108	26	7	19
108	26	7	18
107	26	7	18
107	26	7	18
106	25	8	20
106	26	7	19
105	26	7	18
104	25	7	20
104	25	7	20
103	25	7	19
103	25	6	19
102	26	6	18
101	25	7	20
101	25	7	20
101	25	6	20
100	25	7	19
99	25	8	20
98	26	8	18
98	25	8	20
98	25	7	20
97	25	8	20
97	25	7	20
96	26	7	18
96	25	7	19
95	25	7	19
94	24	8	21
93	24	9	23
92	23	10	24
92	23	9	23
91	23	10	25
91	24	9	24
90	24	9	23
90	24	8	23
90	25	7	20
91	24	6	20
90	23	7	21
87	23	9	20
87	23	8	20
86	23	8	19
86	23	8	19
86	23	8	19
85	23	8	20
84	23	8	19
86	23	8	22
86	23	8	21
85	23	8	21
85	24	7	20
84	25	7	19
84	24	8	21
83	24	8	20
83	25	7	19
83	25	6	18
83	25	6	18
82	25	6	18
81	25	6	18
79	23	8	18
78	23	8	18
77	23	8	18
79	25	7	17
78	25	8	17
78	25	7	18
77	25	8	18
77	25	7	18
76	24	7	20
75	24	8	20
75	24	7	20
74	25	7	19
74	25	7	19
73	25	7	19
73	24	7	20
72	24	7	20
71	24	8	20
71	25	7	20
70	25	8	20
70	25	8	20
70	25	7	20
69	25	8	20
68	25	9	18
68	26	8	19
68	26	7	19
67	25	8	18
66	25	7	18
66	25	8	18
65	24	8	18
64	25	8	18
64	25	8	18
63	25	9	18
62	24	9	18
61	25	10	18
60	25	10	18
61	24	10	19
61	25	10	18
61	26	10	17
60	26	8	18
60	26	9	17
60	27	8	16
60	26	8	17
59	26	8	17
58	26	8	17
61	27	6	17
61	27	6	17
61	29	6	16
59	27	8	16
60	28	7	17
60	28	6	17
60	28	6	16
59	28	7	16
59	29	6	15
59	29	6	15
59	30	6	15
58	28	7	16
58	29	7	16
58	28	7	16
58	28	7	17
57	30	8	16
57	29	8	17
57	29	7	16
56	30	8	16
56	30	8	16
56	30	7	16
56	30	7	16
55	30	8	15
55	30	8	16
55	30	8	16
55	30	7	16
55	30	7	15
55	31	8	16
54	32	8	15
52	30	9	15
52	30	10	15
52	29	9	16
52	30	9	15
52	29	9	16
51	29	10	16
52	28	9	16
52	30	9	15
53	29	8	16
55	33	6	14
53	29	8	16
53	30	8	15
53	29	8	15
54	31	7	14
54	30	7	14
52	30	8	15
54	30	8	15
53	31	8	15
55	31	7	15
54	31	8	15
53	31	8	15
53	30	8	15
52	31	9	15
53	30	8	16
52	30	9	15
53	31	8	15
52	31	9	15
52	32	9	15
52	31	9	15
52	30	9	15
52	31	9	15
52	30	9	15
52	31	9	15
52	31	9	15
52	33	9	14
52	31	9	15
52	32	9	13
51	32	9	14
52	33	9	14
51	32	10	15
51	33	11	15
50	32	12	18
50	34	11	18
52	36	10	15
52	35	10	14
52	36	10	12
52	36	10	13
52	34	10	13
53	36	10	11
53	36	9	10
53	36	10	11
49	35	12	16
52	34	10	15
52	33	11	16
53	33	11	16
53	36	9	12
53	37	8	11
53	36	9	12
54	36	9	12
53	36	8	11
53	36	8	11
53	35	9	13
52	36	10	12
33.479683	42.72635	22.311909	22.710768
33.549297	41.049023	22.929754	24.134514
89	32	10	20
54	35	9	13
52	36	9	13
53	35	8	14
55	34	7	12
55	34	7	12
55	33	8	14
52	33	10	14
54	32	8	14
53	32	8	14
54	33	7	13
54	33	7	13
53	33	7	13
54	32	7	13
54	33	7	13
54	32	8	14
54	32	7	13
54	32	7	13
54	31	7	14
54	32	7	13
54	32	7	14
55	32	7	15
53	32	8	15
55	32	7	16
55	32	7	16
55	33	7	14
55	32	7	16
55	33	7	15
55	33	7	15
53	33	8	16
54	35	8	22
55	34	7	15
55	34	7	12
54	34	8	13
55	35	7	15
55	34	7	17
55	35	7	16
55	35	7	16
55	35	7	16
55	34	7	16
55	34	7	16
54	34	8	18
54	34	8	20
54	34	8	19
54	34	8	18
54	34	8	18
54	34	8	20
54	33	8	17
55	34	7	17
54	34	8	13
54	34	8	13
52	35	9	17
53	32	8	14
54	34	8	13
54	33	8	14
53	35	7	12
55	33	6	13
55	32	7	15
55	33	7	15
54	34	7	12
55	33	7	12
55	33	7	14
55	34	7	12
55	33	7	12
55	33	7	12
55	33	7	12
55	34	7	12
56	33	7	12
55	32	8	13
55	32	8	14
57	30	6	17
57	30	6	17
57	30	6	17
57	31	6	15
57	32	6	14
58	31	6	16
58	30	6	16
58	31	7	14
59	30	6	16
58	31	7	14
59	29	7	16
59	30	9	15
60	29	7	17
60	29	8	17
61	28	7	18
61	29	8	17
61	28	9	18
62	28	8	18
62	28	9	18
63	29	8	17
64	28	8	17
65	28	7	18
65	27	9	17
66	27	7	19
67	27	7	19
67	26	8	19
68	26	7	19
68	25	8	20
69	25	8	20
69	25	9	20
70	25	8	20
71	25	8	20
71	25	8	18
73	26	6	18
73	25	7	18
74	25	7	20
73	23	8	19
74	24	8	20
75	24	8	20
74	24	10	19
74	24	10	19
75	24	11	19
75	25	11	18
75	24	11	18
76	24	10	18
78	24	9	18
79	23	10	19
81	24	8	20
82	23	8	19
82	22	7	19
82	23	8	19
83	23	9	20
82	23	9	19
83	23	9	19
84	23	9	19
84	22	9	19
85	22	10	20
85	25	9	17
87	23	9	19
87	23	8	20
88	23	8	21
88	21	8	20
90	22	8	20
90	22	8	19
91	22	8	18
92	21	8	18
93	21	8	21
93	21	10	18
93	22	10	19
94	21	9	19
94	21	9	19
95	22	9	18
96	22	9	19
97	22	8	21
96	21	8	19
99	23	7	19
98	21	7	19
98	21	8	19
99	21	7	19
100	21	8	19
101	21	8	20
102	21	8	20
103	22	8	19
104	22	7	19
104	22	8	19
104	23	8	18
105	23	8	18
104	20	9	19
105	20	8	19
107	21	7	20
106	20	7	19
107	21	7	19
107	20	7	20
108	20	7	19
109	20	8	19
110	21	7	20
110	20	8	21
111	21	7	19
111	22	8	19
112	22	8	19
112	22	8	19
112	22	9	19
113	21	9	20
114	21	8	20
114	20	8	19
